0.000000 51.000000 
0.000999 149.000000 
0.001997 7.000000 
0.002996 55.000000 
0.003995 37.000000 
0.004993 14.000000 
0.005992 50.000000 
0.006991 246.000000 
0.007989 1.000000 
0.008988 94.000000 
0.009987 80.000000 
0.010985 144.000000 
0.011984 106.000000 
0.012982 80.000000 
0.013981 68.000000 
0.014980 134.000000 
0.015978 81.000000 
0.016977 131.000000 
0.017976 56.000000 
0.018974 88.000000 
0.019973 100.000000 
0.020972 164.000000 
0.021970 68.000000 
0.022969 62.000000 
0.023968 36.000000 
0.024966 255.000000 
0.025965 167.000000 
0.026964 69.000000 
0.027962 220.000000 
0.028961 147.000000 
0.029960 89.000000 
0.030958 149.000000 
0.031957 43.000000 
0.032955 71.000000 
0.033954 12.000000 
0.034953 20.000000 
0.035951 75.000000 
0.036950 116.000000 
0.037949 33.000000 
0.038947 78.000000 
0.039946 147.000000 
0.040945 89.000000 
0.041943 211.000000 
0.042942 19.000000 
0.043941 238.000000 
0.044939 89.000000 
0.045938 63.000000 
0.046937 243.000000 
0.047935 49.000000 
0.048934 107.000000 
0.049932 23.000000 
0.050931 199.000000 
0.051930 38.000000 
0.052928 156.000000 
0.053927 109.000000 
0.054926 49.000000 
0.055924 53.000000 
0.056923 84.000000 
0.057922 83.000000 
0.058920 163.000000 
0.059919 88.000000 
0.060918 89.000000 
0.061916 64.000000 
0.062915 127.000000 
0.063914 198.000000 
0.064912 173.000000 
0.065911 162.000000 
0.066910 43.000000 
0.067908 128.000000 
0.068907 171.000000 
0.069905 99.000000 
0.070904 50.000000 
0.071903 76.000000 
0.072901 70.000000 
0.073900 44.000000 
0.074899 82.000000 
0.075897 104.000000 
0.076896 144.000000 
0.077895 73.000000 
0.078893 95.000000 
0.079892 87.000000 
0.080891 87.000000 
0.081889 118.000000 
0.082888 91.000000 
0.083887 95.000000 
0.084885 71.000000 
0.085884 91.000000 
0.086883 77.000000 
0.087881 81.000000 
0.088880 88.000000 
0.089879 231.000000 
0.090877 10.000000 
0.091876 111.000000 
0.092874 7.000000 
0.093873 54.000000 
0.094872 58.000000 
0.095870 44.000000 
0.096869 68.000000 
0.097868 65.000000 
0.098866 27.000000 
0.099865 102.000000 
0.100864 93.000000 
0.101862 8.000000 
0.102861 57.000000 
0.103860 70.000000 
0.104858 125.000000 
0.105857 58.000000 
0.106856 70.000000 
0.107854 89.000000 
0.108853 147.000000 
0.109852 146.000000 
0.110850 168.000000 
0.111849 23.000000 
0.112847 238.000000 
0.113846 158.000000 
0.114845 96.000000 
0.115843 56.000000 
0.116842 68.000000 
0.117841 107.000000 
0.118839 86.000000 
0.119838 97.000000 
0.120837 100.000000 
0.121835 32.000000 
0.122834 177.000000 
0.123833 248.000000 
0.124831 147.000000 
0.125830 170.000000 
0.126829 84.000000 
0.127827 177.000000 
0.128826 103.000000 
0.129825 141.000000 
0.130823 84.000000 
0.131822 65.000000 
0.132820 251.000000 
0.133819 154.000000 
0.134818 94.000000 
0.135816 193.000000 
0.136815 11.000000 
0.137814 125.000000 
0.138812 38.000000 
0.139811 188.000000 
0.140810 62.000000 
0.141808 157.000000 
0.142807 87.000000 
0.143806 56.000000 
0.144804 84.000000 
0.145803 125.000000 
0.146802 112.000000 
0.147800 103.000000 
0.148799 78.000000 
0.149798 87.000000 
0.150796 194.000000 
0.151795 44.000000 
0.152793 105.000000 
0.153792 88.000000 
0.154791 105.000000 
0.155789 153.000000 
0.156788 141.000000 
0.157787 53.000000 
0.158785 41.000000 
0.159784 80.000000 
0.160783 82.000000 
0.161781 66.000000 
0.162780 124.000000 
0.163779 178.000000 
0.164777 154.000000 
0.165776 82.000000 
0.166775 154.000000 
0.167773 108.000000 
0.168772 21.000000 
0.169770 97.000000 
0.170769 35.000000 
0.171768 90.000000 
0.172766 96.000000 
0.173765 128.000000 
0.174764 67.000000 
0.175762 122.000000 
0.176761 48.000000 
0.177760 172.000000 
0.178758 132.000000 
0.179757 88.000000 
0.180756 138.000000 
0.181754 187.000000 
0.182753 109.000000 
0.183752 13.000000 
0.184750 169.000000 
0.185749 39.000000 
0.186748 92.000000 
0.187746 204.000000 
0.188745 102.000000 
0.189744 246.000000 
0.190742 173.000000 
0.191741 79.000000 
0.192739 115.000000 
0.193738 14.000000 
0.194737 91.000000 
0.195735 117.000000 
0.196734 109.000000 
0.197733 111.000000 
0.198731 36.000000 
0.199730 46.000000 
0.200729 119.000000 
0.201727 86.000000 
0.202726 61.000000 
0.203725 86.000000 
0.204723 70.000000 
0.205722 38.000000 
0.206721 196.000000 
0.207719 76.000000 
0.208718 127.000000 
0.209717 64.000000 
0.210715 103.000000 
0.211714 16.000000 
0.212712 137.000000 
0.213711 106.000000 
0.214710 72.000000 
0.215708 60.000000 
0.216707 37.000000 
0.217706 91.000000 
0.218704 117.000000 
0.219703 61.000000 
0.220702 60.000000 
0.221700 176.000000 
0.222699 80.000000 
0.223698 77.000000 
0.224696 70.000000 
0.225695 90.000000 
0.226694 82.000000 
0.227692 59.000000 
0.228691 147.000000 
0.229689 85.000000 
0.230688 15.000000 
0.231687 77.000000 
0.232685 4.000000 
0.233684 238.000000 
0.234683 82.000000 
0.235681 118.000000 
0.236680 130.000000 
0.237679 92.000000 
0.238677 95.000000 
0.239676 121.000000 
0.240675 40.000000 
0.241673 72.000000 
0.242672 75.000000 
0.243671 160.000000 
0.244669 103.000000 
0.245668 114.000000 
0.246667 237.000000 
0.247665 83.000000 
0.248664 115.000000 
0.249663 112.000000 
0.250661 183.000000 
0.251660 114.000000 
0.252658 108.000000 
0.253657 150.000000 
0.254656 125.000000 
0.255654 106.000000 
0.256653 73.000000 
0.257652 43.000000 
0.258650 134.000000 
0.259649 146.000000 
0.260648 109.000000 
0.261646 68.000000 
0.262645 104.000000 
0.263644 81.000000 
0.264642 81.000000 
0.265641 68.000000 
0.266640 159.000000 
0.267638 131.000000 
0.268637 121.000000 
0.269636 142.000000 
0.270634 151.000000 
0.271633 47.000000 
0.272631 121.000000 
0.273630 129.000000 
0.274629 131.000000 
0.275627 78.000000 
0.276626 113.000000 
0.277625 38.000000 
0.278623 98.000000 
0.279622 69.000000 
0.280621 114.000000 
0.281619 67.000000 
0.282618 141.000000 
0.283617 99.000000 
0.284615 82.000000 
0.285614 244.000000 
0.286613 29.000000 
0.287611 60.000000 
0.288610 227.000000 
0.289608 41.000000 
0.290607 102.000000 
0.291606 252.000000 
0.292604 108.000000 
0.293603 104.000000 
0.294602 117.000000 
0.295600 150.000000 
0.296599 32.000000 
0.297598 79.000000 
0.298596 125.000000 
0.299595 87.000000 
0.300594 171.000000 
0.301592 78.000000 
0.302591 63.000000 
0.303590 89.000000 
0.304588 130.000000 
0.305587 103.000000 
0.306586 189.000000 
0.307584 47.000000 
0.308583 86.000000 
0.309582 34.000000 
0.310580 255.000000 
0.311579 75.000000 
0.312577 94.000000 
0.313576 124.000000 
0.314575 96.000000 
0.315573 108.000000 
0.316572 27.000000 
0.317571 122.000000 
0.318569 116.000000 
0.319568 111.000000 
0.320567 105.000000 
0.321565 13.000000 
0.322564 84.000000 
0.323563 139.000000 
0.324561 138.000000 
0.325560 74.000000 
0.326559 149.000000 
0.327557 98.000000 
0.328556 45.000000 
0.329555 152.000000 
0.330553 84.000000 
0.331552 65.000000 
0.332550 91.000000 
0.333549 69.000000 
0.334548 85.000000 
0.335546 51.000000 
0.336545 147.000000 
0.337544 0.000000 
0.338542 71.000000 
0.339541 123.000000 
0.340540 164.000000 
0.341538 66.000000 
0.342537 167.000000 
0.343536 146.000000 
0.344534 155.000000 
0.345533 213.000000 
0.346532 161.000000 
0.347530 94.000000 
0.348529 74.000000 
0.349527 120.000000 
0.350526 39.000000 
0.351525 122.000000 
0.352523 85.000000 
0.353522 228.000000 
0.354521 7.000000 
0.355519 145.000000 
0.356518 255.000000 
0.357517 118.000000 
0.358515 117.000000 
0.359514 46.000000 
0.360513 33.000000 
0.361511 110.000000 
0.362510 100.000000 
0.363509 147.000000 
0.364507 88.000000 
0.365506 104.000000 
0.366505 27.000000 
0.367503 107.000000 
0.368502 70.000000 
0.369501 31.000000 
0.370499 36.000000 
0.371498 43.000000 
0.372496 105.000000 
0.373495 26.000000 
0.374494 107.000000 
0.375492 108.000000 
0.376491 37.000000 
0.377490 254.000000 
0.378488 44.000000 
0.379487 137.000000 
0.380486 36.000000 
0.381484 44.000000 
0.382483 20.000000 
0.383482 47.000000 
0.384480 20.000000 
0.385479 149.000000 
0.386478 103.000000 
0.387476 89.000000 
0.388475 76.000000 
0.389474 49.000000 
0.390472 115.000000 
0.391471 129.000000 
0.392469 78.000000 
0.393468 61.000000 
0.394467 91.000000 
0.395465 134.000000 
0.396464 122.000000 
0.397463 38.000000 
0.398461 97.000000 
0.399460 99.000000 
0.400459 133.000000 
0.401457 187.000000 
0.402456 102.000000 
0.403455 173.000000 
0.404453 140.000000 
0.405452 254.000000 
0.406451 20.000000 
0.407449 147.000000 
0.408448 61.000000 
0.409446 139.000000 
0.410445 161.000000 
0.411444 52.000000 
0.412442 72.000000 
0.413441 16.000000 
0.414440 32.000000 
0.415438 61.000000 
0.416437 79.000000 
0.417436 96.000000 
0.418434 151.000000 
0.419433 243.000000 
0.420432 139.000000 
0.421430 25.000000 
0.422429 74.000000 
0.423428 71.000000 
0.424426 77.000000 
0.425425 56.000000 
0.426424 52.000000 
0.427422 27.000000 
0.428421 66.000000 
0.429420 248.000000 
0.430418 81.000000 
0.431417 14.000000 
0.432415 135.000000 
0.433414 149.000000 
0.434413 56.000000 
0.435411 125.000000 
0.436410 155.000000 
0.437409 86.000000 
0.438407 88.000000 
0.439406 85.000000 
0.440405 150.000000 
0.441403 72.000000 
0.442402 169.000000 
0.443401 42.000000 
0.444399 61.000000 
0.445398 99.000000 
0.446397 22.000000 
0.447395 128.000000 
0.448394 98.000000 
0.449393 58.000000 
0.450391 110.000000 
0.451390 209.000000 
0.452388 64.000000 
0.453387 154.000000 
0.454386 52.000000 
0.455384 166.000000 
0.456383 139.000000 
0.457382 124.000000 
0.458380 66.000000 
0.459379 46.000000 
0.460378 162.000000 
0.461376 115.000000 
0.462375 43.000000 
0.463374 11.000000 
0.464372 130.000000 
0.465371 88.000000 
0.466370 71.000000 
0.467368 58.000000 
0.468367 55.000000 
0.469365 46.000000 
0.470364 95.000000 
0.471363 67.000000 
0.472361 139.000000 
0.473360 160.000000 
0.474359 53.000000 
0.475357 182.000000 
0.476356 147.000000 
0.477355 94.000000 
0.478353 197.000000 
0.479352 51.000000 
0.480351 252.000000 
0.481349 102.000000 
0.482348 11.000000 
0.483347 52.000000 
0.484345 236.000000 
0.485344 130.000000 
0.486343 138.000000 
0.487341 27.000000 
0.488340 224.000000 
0.489339 174.000000 
0.490337 106.000000 
0.491336 240.000000 
0.492334 92.000000 
0.493333 97.000000 
0.494332 247.000000 
0.495330 116.000000 
0.496329 123.000000 
0.497328 72.000000 
0.498326 127.000000 
0.499325 75.000000 
0.500324 77.000000 
0.501322 152.000000 
0.502321 87.000000 
0.503320 40.000000 
0.504318 179.000000 
0.505317 8.000000 
0.506316 31.000000 
0.507314 188.000000 
0.508313 139.000000 
0.509312 168.000000 
0.510310 85.000000 
0.511309 130.000000 
0.512307 41.000000 
0.513306 85.000000 
0.514305 63.000000 
0.515303 99.000000 
0.516302 179.000000 
0.517301 125.000000 
0.518299 222.000000 
0.519298 118.000000 
0.520297 120.000000 
0.521295 117.000000 
0.522294 253.000000 
0.523293 63.000000 
0.524291 182.000000 
0.525290 176.000000 
0.526289 150.000000 
0.527287 48.000000 
0.528286 160.000000 
0.529285 36.000000 
0.530283 82.000000 
0.531282 86.000000 
0.532280 111.000000 
0.533279 154.000000 
0.534278 187.000000 
0.535276 1.000000 
0.536275 50.000000 
0.537274 134.000000 
0.538272 37.000000 
0.539271 151.000000 
0.540270 195.000000 
0.541268 64.000000 
0.542267 94.000000 
0.543266 211.000000 
0.544264 11.000000 
0.545263 116.000000 
0.546262 52.000000 
0.547260 75.000000 
0.548259 210.000000 
0.549257 73.000000 
0.550256 40.000000 
0.551255 119.000000 
0.552253 76.000000 
0.553252 110.000000 
0.554251 125.000000 
0.555249 78.000000 
0.556248 19.000000 
0.557247 43.000000 
0.558245 41.000000 
0.559244 70.000000 
0.560243 31.000000 
0.561241 90.000000 
0.562240 125.000000 
0.563239 73.000000 
0.564237 58.000000 
0.565236 117.000000 
0.566235 136.000000 
0.567233 95.000000 
0.568232 107.000000 
0.569230 62.000000 
0.570229 102.000000 
0.571228 88.000000 
0.572226 51.000000 
0.573225 132.000000 
0.574224 238.000000 
0.575222 114.000000 
0.576221 51.000000 
0.577220 89.000000 
0.578218 100.000000 
0.579217 158.000000 
0.580216 73.000000 
0.581214 142.000000 
0.582213 128.000000 
0.583212 83.000000 
0.584210 39.000000 
0.585209 79.000000 
0.586208 114.000000 
0.587206 34.000000 
0.588205 17.000000 
0.589203 153.000000 
0.590202 109.000000 
0.591201 39.000000 
0.592199 99.000000 
0.593198 147.000000 
0.594197 87.000000 
0.595195 41.000000 
0.596194 61.000000 
0.597193 112.000000 
0.598191 46.000000 
0.599190 120.000000 
0.600189 8.000000 
0.601187 147.000000 
0.602186 244.000000 
0.603185 91.000000 
0.604183 125.000000 
0.605182 29.000000 
0.606181 129.000000 
0.607179 129.000000 
0.608178 170.000000 
0.609177 166.000000 
0.610175 112.000000 
0.611174 74.000000 
0.612172 107.000000 
0.613171 85.000000 
0.614170 35.000000 
0.615168 57.000000 
0.616167 22.000000 
0.617166 120.000000 
0.618164 58.000000 
0.619163 74.000000 
0.620162 81.000000 
0.621160 148.000000 
0.622159 39.000000 
0.623158 152.000000 
0.624156 99.000000 
0.625155 70.000000 
0.626154 121.000000 
0.627152 131.000000 
0.628151 85.000000 
0.629150 25.000000 
0.630148 187.000000 
0.631147 154.000000 
0.632145 138.000000 
0.633144 109.000000 
0.634143 248.000000 
0.635141 44.000000 
0.636140 169.000000 
0.637139 251.000000 
0.638137 132.000000 
0.639136 109.000000 
0.640135 218.000000 
0.641133 54.000000 
0.642132 124.000000 
0.643131 84.000000 
0.644129 57.000000 
0.645128 212.000000 
0.646127 55.000000 
0.647125 95.000000 
0.648124 37.000000 
0.649123 107.000000 
0.650121 191.000000 
0.651120 122.000000 
0.652118 45.000000 
0.653117 162.000000 
0.654116 21.000000 
0.655114 182.000000 
0.656113 98.000000 
0.657112 63.000000 
0.658110 96.000000 
0.659109 144.000000 
0.660108 131.000000 
0.661106 143.000000 
0.662105 105.000000 
0.663104 158.000000 
0.664102 109.000000 
0.665101 199.000000 
0.666100 34.000000 
0.667098 106.000000 
0.668097 108.000000 
0.669096 113.000000 
0.670094 132.000000 
0.671093 50.000000 
0.672091 95.000000 
0.673090 52.000000 
0.674089 94.000000 
0.675087 34.000000 
0.676086 171.000000 
0.677085 246.000000 
0.678083 135.000000 
0.679082 157.000000 
0.680081 86.000000 
0.681079 93.000000 
0.682078 19.000000 
0.683077 64.000000 
0.684075 239.000000 
0.685074 154.000000 
0.686073 110.000000 
0.687071 48.000000 
0.688070 59.000000 
0.689068 141.000000 
0.690067 76.000000 
0.691066 98.000000 
0.692064 125.000000 
0.693063 92.000000 
0.694062 84.000000 
0.695060 103.000000 
0.696059 72.000000 
0.697058 62.000000 
0.698056 85.000000 
0.699055 108.000000 
0.700054 40.000000 
0.701052 83.000000 
0.702051 40.000000 
0.703050 101.000000 
0.704048 22.000000 
0.705047 35.000000 
0.706046 1.000000 
0.707044 84.000000 
0.708043 134.000000 
0.709041 171.000000 
0.710040 30.000000 
0.711039 161.000000 
0.712037 15.000000 
0.713036 84.000000 
0.714035 131.000000 
0.715033 51.000000 
0.716032 34.000000 
0.717031 124.000000 
0.718029 37.000000 
0.719028 131.000000 
0.720027 65.000000 
0.721025 59.000000 
0.722024 243.000000 
0.723023 145.000000 
0.724021 166.000000 
0.725020 113.000000 
0.726019 48.000000 
0.727017 36.000000 
0.728016 157.000000 
0.729015 137.000000 
0.730013 72.000000 
0.731012 145.000000 
0.732010 60.000000 
0.733009 167.000000 
0.734008 135.000000 
0.735006 39.000000 
0.736005 99.000000 
0.737004 117.000000 
0.738002 213.000000 
0.739001 164.000000 
0.740000 113.000000 
0.740998 77.000000 
0.741997 95.000000 
0.742996 87.000000 
0.743994 119.000000 
0.744993 153.000000 
0.745992 56.000000 
0.746990 71.000000 
0.747989 133.000000 
0.748988 230.000000 
0.749986 30.000000 
0.750985 147.000000 
0.751983 116.000000 
0.752982 44.000000 
0.753981 102.000000 
0.754979 61.000000 
0.755978 54.000000 
0.756977 140.000000 
0.757975 10.000000 
0.758974 110.000000 
0.759973 54.000000 
0.760971 105.000000 
0.761970 109.000000 
0.762969 90.000000 
0.763967 49.000000 
0.764966 120.000000 
0.765965 90.000000 
0.766963 143.000000 
0.767962 60.000000 
0.768961 28.000000 
0.769959 79.000000 
0.770958 106.000000 
0.771956 17.000000 
0.772955 87.000000 
0.773954 52.000000 
0.774952 69.000000 
0.775951 51.000000 
0.776950 18.000000 
0.777948 102.000000 
0.778947 39.000000 
0.779946 51.000000 
0.780944 141.000000 
0.781943 138.000000 
0.782942 12.000000 
0.783940 206.000000 
0.784939 77.000000 
0.785938 56.000000 
0.786936 76.000000 
0.787935 39.000000 
0.788934 136.000000 
0.789932 48.000000 
0.790931 153.000000 
0.791929 135.000000 
0.792928 90.000000 
0.793927 82.000000 
0.794925 137.000000 
0.795924 80.000000 
0.796923 49.000000 
0.797921 79.000000 
0.798920 200.000000 
0.799919 85.000000 
0.800917 32.000000 
0.801916 177.000000 
0.802915 89.000000 
0.803913 107.000000 
0.804912 92.000000 
0.805911 118.000000 
0.806909 157.000000 
0.807908 85.000000 
0.808906 109.000000 
0.809905 140.000000 
0.810904 40.000000 
0.811902 162.000000 
0.812901 91.000000 
0.813900 27.000000 
0.814898 80.000000 
0.815897 128.000000 
0.816896 29.000000 
0.817894 61.000000 
0.818893 34.000000 
0.819892 76.000000 
0.820890 67.000000 
0.821889 96.000000 
0.822888 82.000000 
0.823886 12.000000 
0.824885 62.000000 
0.825884 197.000000 
0.826882 190.000000 
0.827881 86.000000 
0.828879 129.000000 
0.829878 95.000000 
0.830877 29.000000 
0.831875 121.000000 
0.832874 91.000000 
0.833873 193.000000 
0.834871 109.000000 
0.835870 36.000000 
0.836869 156.000000 
0.837867 83.000000 
0.838866 135.000000 
0.839865 94.000000 
0.840863 45.000000 
0.841862 107.000000 
0.842861 70.000000 
0.843859 183.000000 
0.844858 78.000000 
0.845857 165.000000 
0.846855 74.000000 
0.847854 102.000000 
0.848853 106.000000 
0.849851 83.000000 
0.850850 31.000000 
0.851848 140.000000 
0.852847 92.000000 
0.853846 242.000000 
0.854844 33.000000 
0.855843 139.000000 
0.856842 133.000000 
0.857840 92.000000 
0.858839 78.000000 
0.859838 104.000000 
0.860836 24.000000 
0.861835 230.000000 
0.862834 73.000000 
0.863832 114.000000 
0.864831 164.000000 
0.865830 98.000000 
0.866828 51.000000 
0.867827 57.000000 
0.868826 13.000000 
0.869824 185.000000 
0.870823 100.000000 
0.871821 62.000000 
0.872820 85.000000 
0.873819 150.000000 
0.874817 215.000000 
0.875816 75.000000 
0.876815 94.000000 
0.877813 136.000000 
0.878812 194.000000 
0.879811 51.000000 
0.880809 86.000000 
0.881808 113.000000 
0.882807 58.000000 
0.883805 114.000000 
0.884804 108.000000 
0.885803 167.000000 
0.886801 197.000000 
0.887800 46.000000 
0.888799 2.000000 
0.889797 77.000000 
0.890796 124.000000 
0.891794 106.000000 
0.892793 121.000000 
0.893792 89.000000 
0.894790 126.000000 
0.895789 80.000000 
0.896788 19.000000 
0.897786 89.000000 
0.898785 61.000000 
0.899784 113.000000 
0.900782 27.000000 
0.901781 86.000000 
0.902780 245.000000 
0.903778 48.000000 
0.904777 61.000000 
0.905776 20.000000 
0.906774 59.000000 
0.907773 54.000000 
0.908772 150.000000 
0.909770 41.000000 
0.910769 33.000000 
0.911767 93.000000 
0.912766 245.000000 
0.913765 79.000000 
0.914763 120.000000 
0.915762 88.000000 
0.916761 69.000000 
0.917759 112.000000 
0.918758 161.000000 
0.919757 31.000000 
0.920755 204.000000 
0.921754 120.000000 
0.922753 14.000000 
0.923751 51.000000 
0.924750 5.000000 
0.925749 16.000000 
0.926747 93.000000 
0.927746 98.000000 
0.928744 55.000000 
0.929743 103.000000 
0.930742 47.000000 
0.931740 130.000000 
0.932739 8.000000 
0.933738 81.000000 
0.934736 151.000000 
0.935735 114.000000 
0.936734 104.000000 
0.937732 96.000000 
0.938731 9.000000 
0.939730 155.000000 
0.940728 61.000000 
0.941727 6.000000 
0.942726 79.000000 
0.943724 108.000000 
0.944723 170.000000 
0.945722 123.000000 
0.946720 105.000000 
0.947719 37.000000 
0.948717 85.000000 
0.949716 89.000000 
0.950715 102.000000 
0.951713 41.000000 
0.952712 129.000000 
0.953711 12.000000 
0.954709 34.000000 
0.955708 104.000000 
0.956707 103.000000 
0.957705 55.000000 
0.958704 21.000000 
0.959703 145.000000 
0.960701 36.000000 
0.961700 157.000000 
0.962699 70.000000 
0.963697 52.000000 
0.964696 125.000000 
0.965695 28.000000 
0.966693 221.000000 
0.967692 109.000000 
0.968691 39.000000 
0.969689 78.000000 
0.970688 37.000000 
0.971686 98.000000 
0.972685 56.000000 
0.973684 101.000000 
0.974682 104.000000 
0.975681 23.000000 
0.976680 106.000000 
0.977678 103.000000 
0.978677 49.000000 
0.979676 174.000000 
0.980674 125.000000 
0.981673 101.000000 
0.982672 71.000000 
0.983670 62.000000 
0.984669 91.000000 
0.985668 94.000000 
0.986666 34.000000 
0.987665 79.000000 
0.988664 175.000000 
0.989662 17.000000 
0.990661 123.000000 
0.991659 126.000000 
0.992658 54.000000 
0.993657 17.000000 
0.994655 39.000000 
0.995654 105.000000 
0.996653 104.000000 
0.997651 70.000000 
0.998650 107.000000 
0.999649 81.000000 
1.000647 112.000000 
1.001646 49.000000 
1.002645 96.000000 
1.003643 106.000000 
1.004642 38.000000 
1.005641 93.000000 
1.006639 235.000000 
1.007638 73.000000 
1.008636 111.000000 
1.009635 34.000000 
1.010634 136.000000 
1.011632 111.000000 
1.012631 95.000000 
1.013630 59.000000 
1.014628 115.000000 
1.015627 192.000000 
1.016626 187.000000 
1.017624 211.000000 
1.018623 83.000000 
1.019622 114.000000 
1.020620 121.000000 
1.021619 123.000000 
1.022618 120.000000 
1.023616 77.000000 
1.024615 131.000000 
1.025614 89.000000 
1.026612 110.000000 
1.027611 95.000000 
1.028609 64.000000 
1.029608 76.000000 
1.030607 164.000000 
1.031605 248.000000 
1.032604 107.000000 
1.033603 94.000000 
1.034601 75.000000 
1.035600 82.000000 
1.036599 128.000000 
1.037597 43.000000 
1.038596 49.000000 
1.039595 9.000000 
1.040593 42.000000 
1.041592 86.000000 
1.042591 110.000000 
1.043589 100.000000 
1.044588 165.000000 
1.045587 35.000000 
1.046585 88.000000 
1.047584 77.000000 
1.048582 249.000000 
1.049581 152.000000 
1.050580 126.000000 
1.051578 59.000000 
1.052577 34.000000 
1.053576 158.000000 
1.054574 81.000000 
1.055573 130.000000 
1.056572 81.000000 
1.057570 97.000000 
1.058569 62.000000 
1.059568 76.000000 
1.060566 32.000000 
1.061565 107.000000 
1.062564 250.000000 
1.063562 240.000000 
1.064561 52.000000 
1.065560 249.000000 
1.066558 183.000000 
1.067557 229.000000 
1.068555 99.000000 
1.069554 32.000000 
1.070553 54.000000 
1.071551 81.000000 
1.072550 182.000000 
1.073549 123.000000 
1.074547 9.000000 
1.075546 144.000000 
1.076545 86.000000 
1.077543 68.000000 
1.078542 64.000000 
1.079541 230.000000 
1.080539 158.000000 
1.081538 34.000000 
1.082537 55.000000 
1.083535 147.000000 
1.084534 174.000000 
1.085533 90.000000 
1.086531 104.000000 
1.087530 92.000000 
1.088529 148.000000 
1.089527 91.000000 
1.090526 118.000000 
1.091524 116.000000 
1.092523 65.000000 
1.093522 59.000000 
1.094520 115.000000 
1.095519 135.000000 
1.096518 150.000000 
1.097516 123.000000 
1.098515 192.000000 
1.099514 64.000000 
1.100512 48.000000 
1.101511 64.000000 
1.102510 62.000000 
1.103508 64.000000 
1.104507 143.000000 
1.105506 82.000000 
1.106504 137.000000 
1.107503 117.000000 
1.108502 125.000000 
1.109500 53.000000 
1.110499 77.000000 
1.111497 152.000000 
1.112496 129.000000 
1.113495 2.000000 
1.114493 173.000000 
1.115492 141.000000 
1.116491 228.000000 
1.117489 43.000000 
1.118488 125.000000 
1.119487 76.000000 
1.120485 85.000000 
1.121484 121.000000 
1.122483 2.000000 
1.123481 140.000000 
1.124480 38.000000 
1.125479 76.000000 
1.126477 59.000000 
1.127476 107.000000 
1.128475 111.000000 
1.129473 84.000000 
1.130472 118.000000 
1.131470 99.000000 
1.132469 132.000000 
1.133468 73.000000 
1.134466 97.000000 
1.135465 94.000000 
1.136464 124.000000 
1.137462 22.000000 
1.138461 47.000000 
1.139460 126.000000 
1.140458 105.000000 
1.141457 89.000000 
1.142456 75.000000 
1.143454 90.000000 
1.144453 102.000000 
1.145452 121.000000 
1.146450 136.000000 
1.147449 195.000000 
1.148448 45.000000 
1.149446 86.000000 
1.150445 58.000000 
1.151443 21.000000 
1.152442 43.000000 
1.153441 38.000000 
1.154439 136.000000 
1.155438 107.000000 
1.156437 219.000000 
1.157435 163.000000 
1.158434 103.000000 
1.159433 47.000000 
1.160431 104.000000 
1.161430 60.000000 
1.162429 119.000000 
1.163427 149.000000 
1.164426 91.000000 
1.165425 34.000000 
1.166423 93.000000 
1.167422 241.000000 
1.168421 128.000000 
1.169419 58.000000 
1.170418 120.000000 
1.171416 135.000000 
1.172415 68.000000 
1.173414 63.000000 
1.174412 76.000000 
1.175411 13.000000 
1.176410 140.000000 
1.177408 176.000000 
1.178407 98.000000 
1.179406 38.000000 
1.180404 101.000000 
1.181403 57.000000 
1.182402 77.000000 
1.183400 34.000000 
1.184399 131.000000 
1.185398 95.000000 
1.186396 68.000000 
1.187395 134.000000 
1.188394 41.000000 
1.189392 117.000000 
1.190391 143.000000 
1.191389 99.000000 
1.192388 127.000000 
1.193387 14.000000 
1.194385 119.000000 
1.195384 110.000000 
1.196383 95.000000 
1.197381 57.000000 
1.198380 85.000000 
1.199379 56.000000 
1.200377 73.000000 
1.201376 45.000000 
1.202375 87.000000 
1.203373 150.000000 
1.204372 116.000000 
1.205371 52.000000 
1.206369 135.000000 
1.207368 120.000000 
1.208367 35.000000 
1.209365 92.000000 
1.210364 78.000000 
1.211362 93.000000 
1.212361 14.000000 
1.213360 88.000000 
1.214358 47.000000 
1.215357 47.000000 
1.216356 77.000000 
1.217354 131.000000 
1.218353 245.000000 
1.219352 251.000000 
1.220350 101.000000 
1.221349 105.000000 
1.222348 109.000000 
1.223346 20.000000 
1.224345 39.000000 
1.225344 91.000000 
1.226342 115.000000 
1.227341 58.000000 
1.228339 155.000000 
1.229338 41.000000 
1.230337 245.000000 
1.231335 102.000000 
1.232334 51.000000 
1.233333 86.000000 
1.234331 69.000000 
1.235330 95.000000 
1.236329 38.000000 
1.237327 71.000000 
1.238326 50.000000 
1.239325 116.000000 
1.240323 104.000000 
1.241322 13.000000 
1.242321 42.000000 
1.243319 80.000000 
1.244318 126.000000 
1.245317 85.000000 
1.246315 45.000000 
1.247314 72.000000 
1.248312 137.000000 
1.249311 100.000000 
1.250310 81.000000 
1.251308 65.000000 
1.252307 131.000000 
1.253306 84.000000 
1.254304 133.000000 
1.255303 84.000000 
1.256302 20.000000 
1.257300 123.000000 
1.258299 57.000000 
1.259298 182.000000 
1.260296 49.000000 
1.261295 51.000000 
1.262294 39.000000 
1.263292 49.000000 
1.264291 112.000000 
1.265290 186.000000 
1.266288 57.000000 
1.267287 36.000000 
1.268285 68.000000 
1.269284 62.000000 
1.270283 97.000000 
1.271281 83.000000 
1.272280 39.000000 
1.273279 77.000000 
1.274277 56.000000 
1.275276 125.000000 
1.276275 124.000000 
1.277273 84.000000 
1.278272 96.000000 
1.279271 24.000000 
1.280269 51.000000 
1.281268 56.000000 
1.282267 117.000000 
1.283265 62.000000 
1.284264 79.000000 
1.285263 53.000000 
1.286261 119.000000 
1.287260 31.000000 
1.288258 230.000000 
1.289257 55.000000 
1.290256 123.000000 
1.291254 58.000000 
1.292253 78.000000 
1.293252 125.000000 
1.294250 82.000000 
1.295249 50.000000 
1.296248 102.000000 
1.297246 105.000000 
1.298245 109.000000 
1.299244 130.000000 
1.300242 103.000000 
1.301241 100.000000 
1.302240 113.000000 
1.303238 22.000000 
1.304237 44.000000 
1.305236 114.000000 
1.306234 66.000000 
1.307233 130.000000 
1.308231 110.000000 
1.309230 41.000000 
1.310229 199.000000 
1.311227 165.000000 
1.312226 110.000000 
1.313225 105.000000 
1.314223 137.000000 
1.315222 87.000000 
1.316221 252.000000 
1.317219 84.000000 
1.318218 114.000000 
1.319217 119.000000 
1.320215 122.000000 
1.321214 137.000000 
1.322213 141.000000 
1.323211 46.000000 
1.324210 63.000000 
1.325209 56.000000 
1.326207 128.000000 
1.327206 110.000000 
1.328205 101.000000 
1.329203 132.000000 
1.330202 105.000000 
1.331200 54.000000 
1.332199 107.000000 
1.333198 9.000000 
1.334196 51.000000 
1.335195 54.000000 
1.336194 133.000000 
1.337192 63.000000 
1.338191 76.000000 
1.339190 36.000000 
1.340188 91.000000 
1.341187 48.000000 
1.342186 173.000000 
1.343184 184.000000 
1.344183 245.000000 
1.345182 80.000000 
1.346180 249.000000 
1.347179 11.000000 
1.348178 62.000000 
1.349176 24.000000 
1.350175 18.000000 
1.351173 126.000000 
1.352172 80.000000 
1.353171 21.000000 
1.354169 158.000000 
1.355168 157.000000 
1.356167 17.000000 
1.357165 63.000000 
1.358164 169.000000 
1.359163 104.000000 
1.360161 56.000000 
1.361160 87.000000 
1.362159 94.000000 
1.363157 29.000000 
1.364156 80.000000 
1.365155 64.000000 
1.366153 71.000000 
1.367152 89.000000 
1.368151 48.000000 
1.369149 128.000000 
1.370148 40.000000 
1.371146 65.000000 
1.372145 19.000000 
1.373144 12.000000 
1.374142 150.000000 
1.375141 141.000000 
1.376140 104.000000 
1.377138 161.000000 
1.378137 132.000000 
1.379136 0.000000 
1.380134 95.000000 
1.381133 99.000000 
1.382132 46.000000 
1.383130 78.000000 
1.384129 104.000000 
1.385128 129.000000 
1.386126 103.000000 
1.387125 74.000000 
1.388124 59.000000 
1.389122 86.000000 
1.390121 68.000000 
1.391119 53.000000 
1.392118 55.000000 
1.393117 84.000000 
1.394115 89.000000 
1.395114 140.000000 
1.396113 139.000000 
1.397111 89.000000 
1.398110 89.000000 
1.399109 126.000000 
1.400107 102.000000 
1.401106 109.000000 
1.402105 107.000000 
1.403103 68.000000 
1.404102 100.000000 
1.405101 75.000000 
1.406099 183.000000 
1.407098 10.000000 
1.408097 99.000000 
1.409095 79.000000 
1.410094 72.000000 
1.411092 193.000000 
1.412091 94.000000 
1.413090 100.000000 
1.414088 85.000000 
1.415087 46.000000 
1.416086 37.000000 
1.417084 131.000000 
1.418083 113.000000 
1.419082 83.000000 
1.420080 111.000000 
1.421079 59.000000 
1.422078 124.000000 
1.423076 69.000000 
1.424075 69.000000 
1.425074 59.000000 
1.426072 233.000000 
1.427071 55.000000 
1.428070 47.000000 
1.429068 47.000000 
1.430067 133.000000 
1.431065 156.000000 
1.432064 95.000000 
1.433063 165.000000 
1.434061 85.000000 
1.435060 250.000000 
1.436059 111.000000 
1.437057 102.000000 
1.438056 59.000000 
1.439055 95.000000 
1.440053 130.000000 
1.441052 245.000000 
1.442051 112.000000 
1.443049 9.000000 
1.444048 106.000000 
1.445047 38.000000 
1.446045 20.000000 
1.447044 125.000000 
1.448043 12.000000 
1.449041 29.000000 
1.450040 58.000000 
1.451038 33.000000 
1.452037 186.000000 
1.453036 22.000000 
1.454034 20.000000 
1.455033 93.000000 
1.456032 101.000000 
1.457030 122.000000 
1.458029 70.000000 
1.459028 75.000000 
1.460026 99.000000 
1.461025 107.000000 
1.462024 67.000000 
1.463022 107.000000 
1.464021 149.000000 
1.465020 28.000000 
1.466018 72.000000 
1.467017 230.000000 
1.468015 66.000000 
1.469014 84.000000 
1.470013 182.000000 
1.471011 75.000000 
1.472010 63.000000 
1.473009 51.000000 
1.474007 87.000000 
1.475006 79.000000 
1.476005 31.000000 
1.477003 86.000000 
1.478002 106.000000 
1.479001 51.000000 
1.479999 47.000000 
1.480998 79.000000 
1.481997 72.000000 
1.482995 63.000000 
1.483994 202.000000 
1.484993 168.000000 
1.485991 252.000000 
1.486990 98.000000 
1.487988 36.000000 
1.488987 65.000000 
1.489986 152.000000 
1.490984 123.000000 
1.491983 9.000000 
1.492982 80.000000 
1.493980 103.000000 
1.494979 140.000000 
1.495978 71.000000 
1.496976 47.000000 
1.497975 17.000000 
1.498974 216.000000 
1.499972 35.000000 
1.500971 52.000000 
1.501970 109.000000 
1.502968 62.000000 
1.503967 179.000000 
1.504966 54.000000 
1.505964 111.000000 
1.506963 60.000000 
1.507961 171.000000 
1.508960 91.000000 
1.509959 103.000000 
1.510957 82.000000 
1.511956 62.000000 
1.512955 139.000000 
1.513953 177.000000 
1.514952 87.000000 
1.515951 44.000000 
1.516949 39.000000 
1.517948 19.000000 
1.518947 91.000000 
1.519945 124.000000 
1.520944 143.000000 
1.521943 102.000000 
1.522941 245.000000 
1.523940 77.000000 
1.524939 105.000000 
1.525937 94.000000 
1.526936 92.000000 
1.527934 84.000000 
1.528933 98.000000 
1.529932 88.000000 
1.530930 131.000000 
1.531929 104.000000 
1.532928 65.000000 
1.533926 182.000000 
1.534925 41.000000 
1.535924 83.000000 
1.536922 91.000000 
1.537921 67.000000 
1.538920 159.000000 
1.539918 130.000000 
1.540917 77.000000 
1.541916 121.000000 
1.542914 35.000000 
1.543913 216.000000 
1.544912 67.000000 
1.545910 92.000000 
1.546909 128.000000 
1.547907 87.000000 
1.548906 93.000000 
1.549905 119.000000 
1.550903 94.000000 
1.551902 90.000000 
1.552901 52.000000 
1.553899 71.000000 
1.554898 65.000000 
1.555897 97.000000 
1.556895 136.000000 
1.557894 65.000000 
1.558893 112.000000 
1.559891 94.000000 
1.560890 27.000000 
1.561889 235.000000 
1.562887 159.000000 
1.563886 156.000000 
1.564885 16.000000 
1.565883 113.000000 
1.566882 97.000000 
1.567881 139.000000 
1.568879 31.000000 
1.569878 254.000000 
1.570876 76.000000 
1.571875 55.000000 
1.572874 129.000000 
1.573872 136.000000 
1.574871 144.000000 
1.575870 133.000000 
1.576868 76.000000 
1.577867 156.000000 
1.578866 99.000000 
1.579864 44.000000 
1.580863 149.000000 
1.581862 67.000000 
1.582860 43.000000 
1.583859 81.000000 
1.584858 111.000000 
1.585856 64.000000 
1.586855 115.000000 
1.587854 108.000000 
1.588852 162.000000 
1.589851 86.000000 
1.590849 101.000000 
1.591848 184.000000 
1.592847 16.000000 
1.593845 132.000000 
1.594844 100.000000 
1.595843 153.000000 
1.596841 75.000000 
1.597840 103.000000 
1.598839 100.000000 
1.599837 198.000000 
1.600836 125.000000 
1.601835 68.000000 
1.602833 143.000000 
1.603832 119.000000 
1.604831 83.000000 
1.605829 73.000000 
1.606828 89.000000 
1.607827 129.000000 
1.608825 74.000000 
1.609824 101.000000 
1.610822 81.000000 
1.611821 140.000000 
1.612820 20.000000 
1.613818 99.000000 
1.614817 77.000000 
1.615816 66.000000 
1.616814 88.000000 
1.617813 130.000000 
1.618812 148.000000 
1.619810 6.000000 
1.620809 134.000000 
1.621808 63.000000 
1.622806 82.000000 
1.623805 142.000000 
1.624804 203.000000 
1.625802 123.000000 
1.626801 108.000000 
1.627800 10.000000 
1.628798 176.000000 
1.629797 105.000000 
1.630795 175.000000 
1.631794 94.000000 
1.632793 153.000000 
1.633791 188.000000 
1.634790 59.000000 
1.635789 143.000000 
1.636787 87.000000 
1.637786 179.000000 
1.638785 83.000000 
1.639783 81.000000 
1.640782 90.000000 
1.641781 28.000000 
1.642779 131.000000 
1.643778 199.000000 
1.644777 106.000000 
1.645775 39.000000 
1.646774 54.000000 
1.647773 49.000000 
1.648771 215.000000 
1.649770 36.000000 
1.650768 5.000000 
1.651767 179.000000 
1.652766 76.000000 
1.653764 114.000000 
1.654763 95.000000 
1.655762 63.000000 
1.656760 60.000000 
1.657759 119.000000 
1.658758 64.000000 
1.659756 43.000000 
1.660755 91.000000 
1.661754 67.000000 
1.662752 17.000000 
1.663751 73.000000 
1.664750 159.000000 
1.665748 138.000000 
1.666747 139.000000 
1.667746 121.000000 
1.668744 90.000000 
1.669743 70.000000 
1.670741 66.000000 
1.671740 104.000000 
1.672739 91.000000 
1.673737 125.000000 
1.674736 132.000000 
1.675735 27.000000 
1.676733 196.000000 
1.677732 53.000000 
1.678731 81.000000 
1.679729 231.000000 
1.680728 77.000000 
1.681727 90.000000 
1.682725 137.000000 
1.683724 72.000000 
1.684723 92.000000 
1.685721 110.000000 
1.686720 115.000000 
1.687719 115.000000 
1.688717 89.000000 
1.689716 84.000000 
1.690714 3.000000 
1.691713 95.000000 
1.692712 80.000000 
1.693710 102.000000 
1.694709 166.000000 
1.695708 47.000000 
1.696706 141.000000 
1.697705 111.000000 
1.698704 135.000000 
1.699702 45.000000 
1.700701 50.000000 
1.701700 112.000000 
1.702698 120.000000 
1.703697 118.000000 
1.704696 73.000000 
1.705694 62.000000 
1.706693 68.000000 
1.707691 146.000000 
1.708690 104.000000 
1.709689 1.000000 
1.710687 76.000000 
1.711686 69.000000 
1.712685 55.000000 
1.713683 122.000000 
1.714682 98.000000 
1.715681 105.000000 
1.716679 93.000000 
1.717678 98.000000 
1.718677 90.000000 
1.719675 70.000000 
1.720674 31.000000 
1.721673 109.000000 
1.722671 78.000000 
1.723670 58.000000 
1.724669 41.000000 
1.725667 48.000000 
1.726666 161.000000 
1.727664 101.000000 
1.728663 131.000000 
1.729662 97.000000 
1.730660 204.000000 
1.731659 41.000000 
1.732658 61.000000 
1.733656 36.000000 
1.734655 45.000000 
1.735654 106.000000 
1.736652 98.000000 
1.737651 37.000000 
1.738650 111.000000 
1.739648 134.000000 
1.740647 87.000000 
1.741646 219.000000 
1.742644 143.000000 
1.743643 67.000000 
1.744642 166.000000 
1.745640 180.000000 
1.746639 178.000000 
1.747637 126.000000 
1.748636 67.000000 
1.749635 146.000000 
1.750633 66.000000 
1.751632 59.000000 
1.752631 126.000000 
1.753629 90.000000 
1.754628 123.000000 
1.755627 26.000000 
1.756625 95.000000 
1.757624 230.000000 
1.758623 149.000000 
1.759621 96.000000 
1.760620 57.000000 
1.761619 72.000000 
1.762617 22.000000 
1.763616 149.000000 
1.764615 141.000000 
1.765613 51.000000 
1.766612 191.000000 
1.767610 33.000000 
1.768609 43.000000 
1.769608 71.000000 
1.770606 121.000000 
1.771605 65.000000 
1.772604 21.000000 
1.773602 180.000000 
1.774601 178.000000 
1.775600 112.000000 
1.776598 155.000000 
1.777597 141.000000 
1.778596 114.000000 
1.779594 179.000000 
1.780593 77.000000 
1.781592 26.000000 
1.782590 75.000000 
1.783589 41.000000 
1.784588 177.000000 
1.785586 32.000000 
1.786585 86.000000 
1.787583 28.000000 
1.788582 47.000000 
1.789581 56.000000 
1.790579 118.000000 
1.791578 27.000000 
1.792577 157.000000 
1.793575 120.000000 
1.794574 90.000000 
1.795573 51.000000 
1.796571 154.000000 
1.797570 121.000000 
1.798569 146.000000 
1.799567 246.000000 
1.800566 254.000000 
1.801565 139.000000 
1.802563 16.000000 
1.803562 17.000000 
1.804561 82.000000 
1.805559 112.000000 
1.806558 151.000000 
1.807557 100.000000 
1.808555 83.000000 
1.809554 34.000000 
1.810552 199.000000 
1.811551 66.000000 
1.812550 65.000000 
1.813548 186.000000 
1.814547 57.000000 
1.815546 50.000000 
1.816544 83.000000 
1.817543 110.000000 
1.818542 101.000000 
1.819540 68.000000 
1.820539 119.000000 
1.821538 184.000000 
1.822536 59.000000 
1.823535 4.000000 
1.824534 52.000000 
1.825532 45.000000 
1.826531 68.000000 
1.827530 170.000000 
1.828528 71.000000 
1.829527 89.000000 
1.830525 73.000000 
1.831524 93.000000 
1.832523 102.000000 
1.833521 87.000000 
1.834520 61.000000 
1.835519 111.000000 
1.836517 150.000000 
1.837516 237.000000 
1.838515 139.000000 
1.839513 141.000000 
1.840512 82.000000 
1.841511 123.000000 
1.842509 69.000000 
1.843508 166.000000 
1.844507 96.000000 
1.845505 85.000000 
1.846504 243.000000 
1.847503 222.000000 
1.848501 82.000000 
1.849500 117.000000 
1.850498 31.000000 
1.851497 139.000000 
1.852496 51.000000 
1.853494 42.000000 
1.854493 36.000000 
1.855492 116.000000 
1.856490 120.000000 
1.857489 2.000000 
1.858488 36.000000 
1.859486 79.000000 
1.860485 104.000000 
1.861484 95.000000 
1.862482 113.000000 
1.863481 89.000000 
1.864480 62.000000 
1.865478 32.000000 
1.866477 41.000000 
1.867476 120.000000 
1.868474 165.000000 
1.869473 51.000000 
1.870471 25.000000 
1.871470 132.000000 
1.872469 115.000000 
1.873467 56.000000 
1.874466 54.000000 
1.875465 198.000000 
1.876463 158.000000 
1.877462 84.000000 
1.878461 28.000000 
1.879459 84.000000 
1.880458 130.000000 
1.881457 87.000000 
1.882455 127.000000 
1.883454 90.000000 
1.884453 243.000000 
1.885451 53.000000 
1.886450 198.000000 
1.887449 97.000000 
1.888447 86.000000 
1.889446 5.000000 
1.890444 65.000000 
1.891443 173.000000 
1.892442 34.000000 
1.893440 78.000000 
1.894439 43.000000 
1.895438 233.000000 
1.896436 136.000000 
1.897435 128.000000 
1.898434 114.000000 
1.899432 88.000000 
1.900431 86.000000 
1.901430 47.000000 
1.902428 117.000000 
1.903427 96.000000 
1.904426 54.000000 
1.905424 235.000000 
1.906423 160.000000 
1.907422 253.000000 
1.908420 120.000000 
1.909419 110.000000 
1.910417 79.000000 
1.911416 24.000000 
1.912415 121.000000 
1.913413 126.000000 
1.914412 57.000000 
1.915411 74.000000 
1.916409 114.000000 
1.917408 0.000000 
1.918407 33.000000 
1.919405 34.000000 
1.920404 165.000000 
1.921403 179.000000 
1.922401 24.000000 
1.923400 34.000000 
1.924399 131.000000 
1.925397 123.000000 
1.926396 47.000000 
1.927395 90.000000 
1.928393 57.000000 
1.929392 50.000000 
1.930390 253.000000 
1.931389 72.000000 
1.932388 230.000000 
1.933386 62.000000 
1.934385 67.000000 
1.935384 222.000000 
1.936382 76.000000 
1.937381 216.000000 
1.938380 41.000000 
1.939378 118.000000 
1.940377 74.000000 
1.941376 98.000000 
1.942374 143.000000 
1.943373 100.000000 
1.944372 59.000000 
1.945370 90.000000 
1.946369 125.000000 
1.947368 108.000000 
1.948366 65.000000 
1.949365 139.000000 
1.950363 233.000000 
1.951362 175.000000 
1.952361 146.000000 
1.953359 81.000000 
1.954358 100.000000 
1.955357 87.000000 
1.956355 234.000000 
1.957354 149.000000 
1.958353 136.000000 
1.959351 185.000000 
1.960350 48.000000 
1.961349 89.000000 
1.962347 100.000000 
1.963346 20.000000 
1.964345 160.000000 
1.965343 43.000000 
1.966342 49.000000 
1.967340 49.000000 
1.968339 107.000000 
1.969338 65.000000 
1.970336 79.000000 
1.971335 110.000000 
1.972334 89.000000 
1.973332 164.000000 
1.974331 82.000000 
1.975330 41.000000 
1.976328 85.000000 
1.977327 43.000000 
1.978326 14.000000 
1.979324 117.000000 
1.980323 90.000000 
1.981322 83.000000 
1.982320 27.000000 
1.983319 146.000000 
1.984318 240.000000 
1.985316 45.000000 
1.986315 92.000000 
1.987313 155.000000 
1.988312 104.000000 
1.989311 66.000000 
1.990309 59.000000 
1.991308 60.000000 
1.992307 84.000000 
1.993305 153.000000 
1.994304 51.000000 
1.995303 37.000000 
1.996301 79.000000 
1.997300 130.000000 
1.998299 116.000000 
1.999297 61.000000 
2.000296 68.000000 
2.001295 100.000000 
2.002293 94.000000 
2.003292 147.000000 
2.004291 172.000000 
2.005289 53.000000 
2.006288 113.000000 
2.007287 72.000000 
2.008285 64.000000 
2.009284 3.000000 
2.010282 230.000000 
2.011281 30.000000 
2.012280 136.000000 
2.013278 92.000000 
2.014277 123.000000 
2.015276 171.000000 
2.016274 238.000000 
2.017273 181.000000 
2.018272 121.000000 
2.019270 93.000000 
2.020269 109.000000 
2.021268 44.000000 
2.022266 98.000000 
2.023265 126.000000 
2.024264 127.000000 
2.025262 73.000000 
2.026261 81.000000 
2.027259 153.000000 
2.028258 255.000000 
2.029257 124.000000 
2.030255 9.000000 
2.031254 43.000000 
2.032253 73.000000 
2.033251 83.000000 
2.034250 254.000000 
2.035249 135.000000 
2.036247 169.000000 
2.037246 68.000000 
2.038245 70.000000 
2.039243 72.000000 
2.040242 96.000000 
2.041241 87.000000 
2.042239 105.000000 
2.043238 39.000000 
2.044237 215.000000 
2.045235 17.000000 
2.046234 146.000000 
2.047233 78.000000 
2.048231 3.000000 
2.049230 53.000000 
2.050228 49.000000 
2.051227 46.000000 
2.052226 55.000000 
2.053224 218.000000 
2.054223 67.000000 
2.055222 113.000000 
2.056220 169.000000 
2.057219 167.000000 
2.058218 142.000000 
2.059216 53.000000 
2.060215 105.000000 
2.061214 74.000000 
2.062212 203.000000 
2.063211 54.000000 
2.064210 113.000000 
2.065208 87.000000 
2.066207 31.000000 
2.067206 17.000000 
2.068204 57.000000 
2.069203 227.000000 
2.070201 105.000000 
2.071200 15.000000 
2.072199 82.000000 
2.073197 134.000000 
2.074196 60.000000 
2.075195 98.000000 
2.076193 0.000000 
2.077192 80.000000 
2.078191 126.000000 
2.079189 50.000000 
2.080188 245.000000 
2.081187 37.000000 
2.082185 113.000000 
2.083184 75.000000 
2.084183 67.000000 
2.085181 240.000000 
2.086180 52.000000 
2.087178 23.000000 
2.088177 93.000000 
2.089176 137.000000 
2.090174 77.000000 
2.091173 89.000000 
2.092172 122.000000 
2.093170 136.000000 
2.094169 73.000000 
2.095168 148.000000 
2.096166 179.000000 
2.097165 33.000000 
2.098164 93.000000 
2.099162 85.000000 
2.100161 52.000000 
2.101160 12.000000 
2.102158 135.000000 
2.103157 48.000000 
2.104156 122.000000 
2.105154 164.000000 
2.106153 147.000000 
2.107152 84.000000 
2.108150 30.000000 
2.109149 51.000000 
2.110147 29.000000 
2.111146 96.000000 
2.112145 29.000000 
2.113143 161.000000 
2.114142 205.000000 
2.115141 52.000000 
2.116139 138.000000 
2.117138 56.000000 
2.118137 106.000000 
2.119135 129.000000 
2.120134 133.000000 
2.121133 146.000000 
2.122131 72.000000 
2.123130 99.000000 
2.124129 194.000000 
2.125127 72.000000 
2.126126 60.000000 
2.127124 95.000000 
2.128123 97.000000 
2.129122 66.000000 
2.130120 118.000000 
2.131119 227.000000 
2.132118 156.000000 
2.133116 103.000000 
2.134115 144.000000 
2.135114 117.000000 
2.136112 45.000000 
2.137111 151.000000 
2.138110 41.000000 
2.139108 146.000000 
2.140107 65.000000 
2.141106 35.000000 
2.142104 123.000000 
2.143103 63.000000 
2.144102 82.000000 
2.145100 37.000000 
2.146099 124.000000 
2.147098 61.000000 
2.148096 55.000000 
2.149095 29.000000 
2.150093 128.000000 
2.151092 161.000000 
2.152091 87.000000 
2.153089 198.000000 
2.154088 74.000000 
2.155087 19.000000 
2.156085 31.000000 
2.157084 73.000000 
2.158083 54.000000 
2.159081 168.000000 
2.160080 74.000000 
2.161079 146.000000 
2.162077 153.000000 
2.163076 131.000000 
2.164075 68.000000 
2.165073 87.000000 
2.166072 109.000000 
2.167070 90.000000 
2.168069 107.000000 
2.169068 99.000000 
2.170066 25.000000 
2.171065 248.000000 
2.172064 109.000000 
2.173062 111.000000 
2.174061 178.000000 
2.175060 149.000000 
2.176058 165.000000 
2.177057 109.000000 
2.178056 101.000000 
2.179054 101.000000 
2.180053 156.000000 
2.181052 52.000000 
2.182050 64.000000 
2.183049 28.000000 
2.184048 76.000000 
2.185046 70.000000 
2.186045 69.000000 
2.187044 110.000000 
2.188042 151.000000 
2.189041 24.000000 
2.190039 67.000000 
2.191038 151.000000 
2.192037 17.000000 
2.193035 2.000000 
2.194034 60.000000 
2.195033 201.000000 
2.196031 79.000000 
2.197030 56.000000 
2.198029 72.000000 
2.199027 51.000000 
2.200026 106.000000 
2.201025 91.000000 
2.202023 151.000000 
2.203022 113.000000 
2.204021 124.000000 
2.205019 70.000000 
2.206018 168.000000 
2.207016 111.000000 
2.208015 89.000000 
2.209014 138.000000 
2.210012 143.000000 
2.211011 130.000000 
2.212010 38.000000 
2.213008 131.000000 
2.214007 114.000000 
2.215006 120.000000 
2.216004 66.000000 
2.217003 30.000000 
2.218002 76.000000 
2.219000 122.000000 
2.219999 96.000000 
2.220998 158.000000 
2.221996 116.000000 
2.222995 68.000000 
2.223994 70.000000 
2.224992 42.000000 
2.225991 167.000000 
2.226990 122.000000 
2.227988 85.000000 
2.228987 204.000000 
2.229985 34.000000 
2.230984 58.000000 
2.231983 164.000000 
2.232981 59.000000 
2.233980 122.000000 
2.234979 56.000000 
2.235977 95.000000 
2.236976 42.000000 
2.237975 132.000000 
2.238973 121.000000 
2.239972 28.000000 
2.240971 116.000000 
2.241969 39.000000 
2.242968 51.000000 
2.243967 50.000000 
2.244965 105.000000 
2.245964 26.000000 
2.246962 118.000000 
2.247961 60.000000 
2.248960 141.000000 
2.249958 239.000000 
2.250957 108.000000 
2.251956 50.000000 
2.252954 41.000000 
2.253953 119.000000 
2.254952 61.000000 
2.255950 132.000000 
2.256949 50.000000 
2.257948 144.000000 
2.258946 146.000000 
2.259945 125.000000 
2.260944 117.000000 
2.261942 88.000000 
2.262941 172.000000 
2.263940 45.000000 
2.264938 35.000000 
2.265937 146.000000 
2.266936 254.000000 
2.267934 43.000000 
2.268933 103.000000 
2.269931 110.000000 
2.270930 118.000000 
2.271929 86.000000 
2.272927 51.000000 
2.273926 81.000000 
2.274925 102.000000 
2.275923 134.000000 
2.276922 152.000000 
2.277921 87.000000 
2.278919 126.000000 
2.279918 154.000000 
2.280917 143.000000 
2.281915 118.000000 
2.282914 174.000000 
2.283913 48.000000 
2.284911 79.000000 
2.285910 48.000000 
2.286909 39.000000 
2.287907 204.000000 
2.288906 109.000000 
2.289904 128.000000 
2.290903 22.000000 
2.291902 73.000000 
2.292900 177.000000 
2.293899 41.000000 
2.294898 242.000000 
2.295896 223.000000 
2.296895 29.000000 
2.297894 121.000000 
2.298892 123.000000 
2.299891 22.000000 
2.300890 52.000000 
2.301888 117.000000 
2.302887 95.000000 
2.303886 21.000000 
2.304884 42.000000 
2.305883 69.000000 
2.306882 81.000000 
2.307880 103.000000 
2.308879 71.000000 
2.309877 99.000000 
2.310876 88.000000 
2.311875 61.000000 
2.312873 114.000000 
2.313872 121.000000 
2.314871 23.000000 
2.315869 66.000000 
2.316868 108.000000 
2.317867 138.000000 
2.318865 19.000000 
2.319864 63.000000 
2.320863 177.000000 
2.321861 116.000000 
2.322860 237.000000 
2.323859 135.000000 
2.324857 117.000000 
2.325856 133.000000 
2.326855 73.000000 
2.327853 98.000000 
2.328852 145.000000 
2.329850 37.000000 
2.330849 73.000000 
2.331848 73.000000 
2.332846 161.000000 
2.333845 125.000000 
2.334844 101.000000 
2.335842 87.000000 
2.336841 118.000000 
2.337840 76.000000 
2.338838 23.000000 
2.339837 108.000000 
2.340836 26.000000 
2.341834 134.000000 
2.342833 78.000000 
2.343832 237.000000 
2.344830 120.000000 
2.345829 17.000000 
2.346827 131.000000 
2.347826 255.000000 
2.348825 126.000000 
2.349823 100.000000 
2.350822 38.000000 
2.351821 77.000000 
2.352819 104.000000 
2.353818 79.000000 
2.354817 31.000000 
2.355815 54.000000 
2.356814 74.000000 
2.357813 99.000000 
2.358811 57.000000 
2.359810 110.000000 
2.360809 76.000000 
2.361807 83.000000 
2.362806 250.000000 
2.363805 100.000000 
2.364803 84.000000 
2.365802 81.000000 
2.366801 244.000000 
2.367799 95.000000 
2.368798 121.000000 
2.369796 45.000000 
2.370795 104.000000 
2.371794 55.000000 
2.372792 102.000000 
2.373791 27.000000 
2.374790 98.000000 
2.375788 53.000000 
2.376787 111.000000 
2.377786 107.000000 
2.378784 172.000000 
2.379783 58.000000 
2.380782 17.000000 
2.381780 112.000000 
2.382779 33.000000 
2.383778 41.000000 
2.384776 96.000000 
2.385775 74.000000 
2.386773 55.000000 
2.387772 166.000000 
2.388771 40.000000 
2.389769 10.000000 
2.390768 10.000000 
2.391767 18.000000 
2.392765 89.000000 
2.393764 129.000000 
2.394763 119.000000 
2.395761 98.000000 
2.396760 121.000000 
2.397759 108.000000 
2.398757 218.000000 
2.399756 157.000000 
2.400755 49.000000 
2.401753 57.000000 
2.402752 125.000000 
2.403751 141.000000 
2.404749 81.000000 
2.405748 95.000000 
2.406747 37.000000 
2.407745 39.000000 
2.408744 109.000000 
2.409742 13.000000 
2.410741 102.000000 
2.411740 67.000000 
2.412738 55.000000 
2.413737 84.000000 
2.414736 78.000000 
2.415734 95.000000 
2.416733 92.000000 
2.417732 155.000000 
2.418730 120.000000 
2.419729 116.000000 
2.420728 121.000000 
2.421726 137.000000 
2.422725 137.000000 
2.423724 185.000000 
2.424722 130.000000 
2.425721 114.000000 
2.426719 87.000000 
2.427718 53.000000 
2.428717 12.000000 
2.429715 113.000000 
2.430714 65.000000 
2.431713 56.000000 
2.432711 66.000000 
2.433710 70.000000 
2.434709 109.000000 
2.435707 69.000000 
2.436706 155.000000 
2.437705 77.000000 
2.438703 37.000000 
2.439702 18.000000 
2.440701 74.000000 
2.441699 157.000000 
2.442698 110.000000 
2.443697 251.000000 
2.444695 73.000000 
2.445694 97.000000 
2.446693 90.000000 
2.447691 103.000000 
2.448690 100.000000 
2.449688 117.000000 
2.450687 75.000000 
2.451686 49.000000 
2.452684 80.000000 
2.453683 30.000000 
2.454682 161.000000 
2.455680 81.000000 
2.456679 183.000000 
2.457678 80.000000 
2.458676 217.000000 
2.459675 227.000000 
2.460674 50.000000 
2.461672 73.000000 
2.462671 26.000000 
2.463670 80.000000 
2.464668 41.000000 
2.465667 158.000000 
2.466665 139.000000 
2.467664 44.000000 
2.468663 117.000000 
2.469661 61.000000 
2.470660 221.000000 
2.471659 123.000000 
2.472657 178.000000 
2.473656 56.000000 
2.474655 76.000000 
2.475653 87.000000 
2.476652 39.000000 
2.477651 137.000000 
2.478649 50.000000 
2.479648 97.000000 
2.480647 148.000000 
2.481645 81.000000 
2.482644 30.000000 
2.483643 154.000000 
2.484641 14.000000 
2.485640 94.000000 
2.486639 71.000000 
2.487637 247.000000 
2.488636 39.000000 
2.489634 53.000000 
2.490633 32.000000 
2.491632 85.000000 
2.492630 139.000000 
2.493629 112.000000 
2.494628 142.000000 
2.495626 98.000000 
2.496625 221.000000 
2.497624 38.000000 
2.498622 37.000000 
2.499621 101.000000 
2.500620 104.000000 
2.501618 121.000000 
2.502617 122.000000 
2.503616 101.000000 
2.504614 146.000000 
2.505613 19.000000 
2.506611 17.000000 
2.507610 215.000000 
2.508609 91.000000 
2.509607 31.000000 
2.510606 92.000000 
2.511605 23.000000 
2.512603 12.000000 
2.513602 154.000000 
2.514601 101.000000 
2.515599 75.000000 
2.516598 56.000000 
2.517597 195.000000 
2.518595 87.000000 
2.519594 52.000000 
2.520593 67.000000 
2.521591 110.000000 
2.522590 21.000000 
2.523589 51.000000 
2.524587 49.000000 
2.525586 56.000000 
2.526585 194.000000 
2.527583 69.000000 
2.528582 95.000000 
2.529580 86.000000 
2.530579 137.000000 
2.531578 120.000000 
2.532576 85.000000 
2.533575 215.000000 
2.534574 76.000000 
2.535572 82.000000 
2.536571 84.000000 
2.537570 145.000000 
2.538568 72.000000 
2.539567 57.000000 
2.540566 85.000000 
2.541564 133.000000 
2.542563 35.000000 
2.543562 242.000000 
2.544560 76.000000 
2.545559 73.000000 
2.546558 113.000000 
2.547556 56.000000 
2.548555 147.000000 
2.549553 244.000000 
2.550552 27.000000 
2.551551 94.000000 
2.552549 4.000000 
2.553548 131.000000 
2.554547 97.000000 
2.555545 143.000000 
2.556544 147.000000 
2.557543 181.000000 
2.558541 144.000000 
2.559540 71.000000 
2.560539 34.000000 
2.561537 8.000000 
2.562536 133.000000 
2.563535 225.000000 
2.564533 63.000000 
2.565532 69.000000 
2.566530 93.000000 
2.567529 233.000000 
2.568528 28.000000 
2.569526 87.000000 
2.570525 49.000000 
2.571524 98.000000 
2.572522 81.000000 
2.573521 53.000000 
2.574520 89.000000 
2.575518 248.000000 
2.576517 32.000000 
2.577516 42.000000 
2.578514 162.000000 
2.579513 102.000000 
2.580512 36.000000 
2.581510 61.000000 
2.582509 158.000000 
2.583508 38.000000 
2.584506 91.000000 
2.585505 95.000000 
2.586504 128.000000 
2.587502 41.000000 
2.588501 121.000000 
2.589499 56.000000 
2.590498 51.000000 
2.591497 56.000000 
2.592495 123.000000 
2.593494 76.000000 
2.594493 1.000000 
2.595491 93.000000 
2.596490 88.000000 
2.597489 173.000000 
2.598487 41.000000 
2.599486 143.000000 
2.600485 58.000000 
2.601483 37.000000 
2.602482 39.000000 
2.603481 63.000000 
2.604479 113.000000 
2.605478 119.000000 
2.606476 43.000000 
2.607475 55.000000 
2.608474 119.000000 
2.609472 76.000000 
2.610471 211.000000 
2.611470 12.000000 
2.612468 94.000000 
2.613467 47.000000 
2.614466 73.000000 
2.615464 54.000000 
2.616463 78.000000 
2.617462 176.000000 
2.618460 44.000000 
2.619459 55.000000 
2.620458 72.000000 
2.621456 140.000000 
2.622455 177.000000 
2.623454 56.000000 
2.624452 118.000000 
2.625451 38.000000 
2.626450 79.000000 
2.627448 77.000000 
2.628447 85.000000 
2.629445 151.000000 
2.630444 155.000000 
2.631443 51.000000 
2.632441 182.000000 
2.633440 99.000000 
2.634439 1.000000 
2.635437 39.000000 
2.636436 104.000000 
2.637435 31.000000 
2.638433 172.000000 
2.639432 51.000000 
2.640431 63.000000 
2.641429 96.000000 
2.642428 108.000000 
2.643427 133.000000 
2.644425 82.000000 
2.645424 45.000000 
2.646422 108.000000 
2.647421 34.000000 
2.648420 143.000000 
2.649418 90.000000 
2.650417 143.000000 
2.651416 91.000000 
2.652414 48.000000 
2.653413 112.000000 
2.654412 76.000000 
2.655410 105.000000 
2.656409 14.000000 
2.657408 152.000000 
2.658406 99.000000 
2.659405 82.000000 
2.660404 20.000000 
2.661402 29.000000 
2.662401 71.000000 
2.663400 135.000000 
2.664398 85.000000 
2.665397 158.000000 
2.666396 182.000000 
2.667394 150.000000 
2.668393 164.000000 
2.669391 87.000000 
2.670390 40.000000 
2.671389 117.000000 
2.672387 128.000000 
2.673386 114.000000 
2.674385 74.000000 
2.675383 151.000000 
2.676382 78.000000 
2.677381 64.000000 
2.678379 53.000000 
2.679378 124.000000 
2.680377 67.000000 
2.681375 54.000000 
2.682374 52.000000 
2.683373 183.000000 
2.684371 11.000000 
2.685370 100.000000 
2.686368 23.000000 
2.687367 122.000000 
2.688366 102.000000 
2.689364 97.000000 
2.690363 69.000000 
2.691362 101.000000 
2.692360 165.000000 
2.693359 56.000000 
2.694358 39.000000 
2.695356 252.000000 
2.696355 9.000000 
2.697354 139.000000 
2.698352 88.000000 
2.699351 33.000000 
2.700350 85.000000 
2.701348 139.000000 
2.702347 6.000000 
2.703346 156.000000 
2.704344 114.000000 
2.705343 159.000000 
2.706342 23.000000 
2.707340 102.000000 
2.708339 63.000000 
2.709337 114.000000 
2.710336 21.000000 
2.711335 117.000000 
2.712333 72.000000 
2.713332 43.000000 
2.714331 84.000000 
2.715329 142.000000 
2.716328 153.000000 
2.717327 95.000000 
2.718325 47.000000 
2.719324 118.000000 
2.720323 31.000000 
2.721321 83.000000 
2.722320 49.000000 
2.723319 81.000000 
2.724317 205.000000 
2.725316 132.000000 
2.726314 237.000000 
2.727313 156.000000 
2.728312 97.000000 
2.729310 104.000000 
2.730309 160.000000 
2.731308 137.000000 
2.732306 46.000000 
2.733305 80.000000 
2.734304 90.000000 
2.735302 145.000000 
2.736301 113.000000 
2.737300 111.000000 
2.738298 74.000000 
2.739297 29.000000 
2.740296 129.000000 
2.741294 139.000000 
2.742293 98.000000 
2.743292 38.000000 
2.744290 155.000000 
2.745289 77.000000 
2.746288 130.000000 
2.747286 40.000000 
2.748285 63.000000 
2.749283 118.000000 
2.750282 128.000000 
2.751281 180.000000 
2.752279 83.000000 
2.753278 116.000000 
2.754277 91.000000 
2.755275 163.000000 
2.756274 82.000000 
2.757273 239.000000 
2.758271 51.000000 
2.759270 78.000000 
2.760269 91.000000 
2.761267 99.000000 
2.762266 140.000000 
2.763265 104.000000 
2.764263 122.000000 
2.765262 11.000000 
2.766261 25.000000 
2.767259 140.000000 
2.768258 53.000000 
2.769256 27.000000 
2.770255 237.000000 
2.771254 100.000000 
2.772252 94.000000 
2.773251 49.000000 
2.774250 118.000000 
2.775248 100.000000 
2.776247 87.000000 
2.777246 147.000000 
2.778244 139.000000 
2.779243 85.000000 
2.780242 98.000000 
2.781240 37.000000 
2.782239 121.000000 
2.783238 120.000000 
2.784236 107.000000 
2.785235 130.000000 
2.786234 110.000000 
2.787232 148.000000 
2.788231 67.000000 
2.789229 89.000000 
2.790228 74.000000 
2.791227 149.000000 
2.792225 31.000000 
2.793224 49.000000 
2.794223 83.000000 
2.795221 125.000000 
2.796220 2.000000 
2.797219 128.000000 
2.798217 139.000000 
2.799216 120.000000 
2.800215 214.000000 
2.801213 108.000000 
2.802212 142.000000 
2.803211 81.000000 
2.804209 140.000000 
2.805208 165.000000 
2.806207 82.000000 
2.807205 87.000000 
2.808204 139.000000 
2.809202 168.000000 
2.810201 66.000000 
2.811200 155.000000 
2.812198 71.000000 
2.813197 98.000000 
2.814196 96.000000 
2.815194 21.000000 
2.816193 126.000000 
2.817192 224.000000 
2.818190 42.000000 
2.819189 91.000000 
2.820188 178.000000 
2.821186 116.000000 
2.822185 113.000000 
2.823184 105.000000 
2.824182 76.000000 
2.825181 150.000000 
2.826179 63.000000 
2.827178 139.000000 
2.828177 77.000000 
2.829175 29.000000 
2.830174 98.000000 
2.831173 150.000000 
2.832171 127.000000 
2.833170 85.000000 
2.834169 77.000000 
2.835167 49.000000 
2.836166 36.000000 
2.837165 88.000000 
2.838163 58.000000 
2.839162 93.000000 
2.840161 61.000000 
2.841159 23.000000 
2.842158 83.000000 
2.843157 18.000000 
2.844155 64.000000 
2.845154 62.000000 
2.846153 68.000000 
2.847151 88.000000 
2.848150 29.000000 
2.849148 80.000000 
2.850147 98.000000 
2.851146 49.000000 
2.852144 175.000000 
2.853143 112.000000 
2.854142 127.000000 
2.855140 155.000000 
2.856139 119.000000 
2.857138 152.000000 
2.858136 101.000000 
2.859135 119.000000 
2.860134 72.000000 
2.861132 33.000000 
2.862131 112.000000 
2.863130 216.000000 
2.864128 64.000000 
2.865127 99.000000 
2.866125 127.000000 
2.867124 137.000000 
2.868123 68.000000 
2.869121 71.000000 
2.870120 29.000000 
2.871119 122.000000 
2.872117 147.000000 
2.873116 168.000000 
2.874115 98.000000 
2.875113 118.000000 
2.876112 129.000000 
2.877111 251.000000 
2.878109 33.000000 
2.879108 40.000000 
2.880107 26.000000 
2.881105 58.000000 
2.882104 11.000000 
2.883103 126.000000 
2.884101 33.000000 
2.885100 35.000000 
2.886099 93.000000 
2.887097 171.000000 
2.888096 73.000000 
2.889094 100.000000 
2.890093 135.000000 
2.891092 205.000000 
2.892090 49.000000 
2.893089 170.000000 
2.894088 85.000000 
2.895086 112.000000 
2.896085 72.000000 
2.897084 70.000000 
2.898082 130.000000 
2.899081 153.000000 
2.900080 126.000000 
2.901078 45.000000 
2.902077 120.000000 
2.903076 112.000000 
2.904074 32.000000 
2.905073 69.000000 
2.906071 94.000000 
2.907070 12.000000 
2.908069 50.000000 
2.909067 130.000000 
2.910066 103.000000 
2.911065 64.000000 
2.912063 82.000000 
2.913062 53.000000 
2.914061 66.000000 
2.915059 107.000000 
2.916058 74.000000 
2.917057 97.000000 
2.918055 178.000000 
2.919054 26.000000 
2.920053 128.000000 
2.921051 29.000000 
2.922050 98.000000 
2.923049 52.000000 
2.924047 48.000000 
2.925046 87.000000 
2.926045 53.000000 
2.927043 31.000000 
2.928042 38.000000 
2.929040 14.000000 
2.930039 91.000000 
2.931038 200.000000 
2.932036 84.000000 
2.933035 59.000000 
2.934034 53.000000 
2.935032 10.000000 
2.936031 183.000000 
2.937030 10.000000 
2.938028 141.000000 
2.939027 109.000000 
2.940026 166.000000 
2.941024 14.000000 
2.942023 142.000000 
2.943022 57.000000 
2.944020 0.000000 
2.945019 84.000000 
2.946017 72.000000 
2.947016 114.000000 
2.948015 82.000000 
2.949013 108.000000 
2.950012 34.000000 
2.951011 28.000000 
2.952009 75.000000 
2.953008 157.000000 
2.954007 152.000000 
2.955005 250.000000 
2.956004 84.000000 
2.957003 119.000000 
2.958001 68.000000 
2.959000 109.000000 
2.959999 103.000000 
2.960997 39.000000 
2.961996 133.000000 
2.962995 62.000000 
2.963993 65.000000 
2.964992 233.000000 
2.965991 69.000000 
2.966989 72.000000 
2.967988 46.000000 
2.968986 154.000000 
2.969985 87.000000 
2.970984 48.000000 
2.971982 66.000000 
2.972981 102.000000 
2.973980 65.000000 
2.974978 95.000000 
2.975977 166.000000 
2.976976 169.000000 
2.977974 53.000000 
2.978973 74.000000 
2.979972 94.000000 
2.980970 14.000000 
2.981969 43.000000 
2.982968 167.000000 
2.983966 105.000000 
2.984965 99.000000 
2.985963 109.000000 
2.986962 118.000000 
2.987961 187.000000 
2.988959 44.000000 
2.989958 82.000000 
2.990957 77.000000 
2.991955 60.000000 
2.992954 48.000000 
2.993953 82.000000 
2.994951 139.000000 
2.995950 87.000000 
2.996949 112.000000 
2.997947 108.000000 
2.998946 95.000000 
2.999945 160.000000 
3.000943 49.000000 
3.001942 92.000000 
3.002941 100.000000 
3.003939 92.000000 
3.004938 49.000000 
3.005937 118.000000 
3.006935 12.000000 
3.007934 72.000000 
3.008932 71.000000 
3.009931 210.000000 
3.010930 143.000000 
3.011928 44.000000 
3.012927 130.000000 
3.013926 59.000000 
3.014924 176.000000 
3.015923 148.000000 
3.016922 16.000000 
3.017920 28.000000 
3.018919 131.000000 
3.019918 34.000000 
3.020916 38.000000 
3.021915 158.000000 
3.022914 60.000000 
3.023912 216.000000 
3.024911 95.000000 
3.025910 155.000000 
3.026908 107.000000 
3.027907 46.000000 
3.028905 94.000000 
3.029904 219.000000 
3.030903 87.000000 
3.031901 102.000000 
3.032900 108.000000 
3.033899 117.000000 
3.034897 209.000000 
3.035896 29.000000 
3.036895 69.000000 
3.037893 51.000000 
3.038892 119.000000 
3.039891 49.000000 
3.040889 32.000000 
3.041888 104.000000 
3.042887 44.000000 
3.043885 121.000000 
3.044884 45.000000 
3.045882 105.000000 
3.046881 95.000000 
3.047880 41.000000 
3.048878 54.000000 
3.049877 64.000000 
3.050876 44.000000 
3.051874 138.000000 
3.052873 156.000000 
3.053872 45.000000 
3.054870 155.000000 
3.055869 82.000000 
3.056868 106.000000 
3.057866 68.000000 
3.058865 46.000000 
3.059864 162.000000 
3.060862 175.000000 
3.061861 249.000000 
3.062860 30.000000 
3.063858 78.000000 
3.064857 166.000000 
3.065856 82.000000 
3.066854 201.000000 
3.067853 120.000000 
3.068851 105.000000 
3.069850 151.000000 
3.070849 56.000000 
3.071847 140.000000 
3.072846 100.000000 
3.073845 81.000000 
3.074843 87.000000 
3.075842 39.000000 
3.076841 83.000000 
3.077839 65.000000 
3.078838 20.000000 
3.079837 105.000000 
3.080835 55.000000 
3.081834 50.000000 
3.082833 70.000000 
3.083831 114.000000 
3.084830 129.000000 
3.085828 85.000000 
3.086827 90.000000 
3.087826 144.000000 
3.088824 97.000000 
3.089823 70.000000 
3.090822 118.000000 
3.091820 94.000000 
3.092819 73.000000 
3.093818 157.000000 
3.094816 119.000000 
3.095815 107.000000 
3.096814 52.000000 
3.097812 56.000000 
3.098811 55.000000 
3.099810 214.000000 
3.100808 43.000000 
3.101807 142.000000 
3.102806 70.000000 
3.103804 130.000000 
3.104803 98.000000 
3.105802 100.000000 
3.106800 50.000000 
3.107799 67.000000 
3.108797 159.000000 
3.109796 77.000000 
3.110795 54.000000 
3.111793 96.000000 
3.112792 54.000000 
3.113791 100.000000 
3.114789 137.000000 
3.115788 161.000000 
3.116787 129.000000 
3.117785 84.000000 
3.118784 88.000000 
3.119783 133.000000 
3.120781 43.000000 
3.121780 20.000000 
3.122779 231.000000 
3.123777 93.000000 
3.124776 73.000000 
3.125774 248.000000 
3.126773 97.000000 
3.127772 67.000000 
3.128770 131.000000 
3.129769 70.000000 
3.130768 104.000000 
3.131766 99.000000 
3.132765 17.000000 
3.133764 106.000000 
3.134762 84.000000 
3.135761 110.000000 
3.136760 78.000000 
3.137758 82.000000 
3.138757 160.000000 
3.139756 47.000000 
3.140754 142.000000 
3.141753 88.000000 
3.142752 49.000000 
3.143750 130.000000 
3.144749 29.000000 
3.145748 95.000000 
3.146746 22.000000 
3.147745 107.000000 
3.148743 146.000000 
3.149742 100.000000 
3.150741 83.000000 
3.151739 22.000000 
3.152738 29.000000 
3.153737 144.000000 
3.154735 45.000000 
3.155734 52.000000 
3.156733 102.000000 
3.157731 52.000000 
3.158730 76.000000 
3.159729 85.000000 
3.160727 16.000000 
3.161726 29.000000 
3.162725 139.000000 
3.163723 133.000000 
3.164722 39.000000 
3.165720 101.000000 
3.166719 80.000000 
3.167718 90.000000 
3.168716 69.000000 
3.169715 123.000000 
3.170714 104.000000 
3.171712 131.000000 
3.172711 108.000000 
3.173710 105.000000 
3.174708 30.000000 
3.175707 63.000000 
3.176706 6.000000 
3.177704 96.000000 
3.178703 102.000000 
3.179702 53.000000 
3.180700 115.000000 
3.181699 147.000000 
3.182698 217.000000 
3.183696 62.000000 
3.184695 110.000000 
3.185694 91.000000 
3.186692 116.000000 
3.187691 137.000000 
3.188689 66.000000 
3.189688 98.000000 
3.190687 139.000000 
3.191685 65.000000 
3.192684 72.000000 
3.193683 95.000000 
3.194681 105.000000 
3.195680 145.000000 
3.196679 183.000000 
3.197677 59.000000 
3.198676 46.000000 
3.199675 30.000000 
3.200673 46.000000 
3.201672 88.000000 
3.202671 159.000000 
3.203669 145.000000 
3.204668 59.000000 
3.205666 147.000000 
3.206665 255.000000 
3.207664 87.000000 
3.208662 203.000000 
3.209661 41.000000 
3.210660 249.000000 
3.211658 17.000000 
3.212657 72.000000 
3.213656 41.000000 
3.214654 172.000000 
3.215653 33.000000 
3.216652 101.000000 
3.217650 109.000000 
3.218649 40.000000 
3.219648 82.000000 
3.220646 61.000000 
3.221645 170.000000 
3.222644 185.000000 
3.223642 65.000000 
3.224641 117.000000 
3.225640 81.000000 
3.226638 68.000000 
3.227637 27.000000 
3.228635 62.000000 
3.229634 11.000000 
3.230633 171.000000 
3.231631 118.000000 
3.232630 94.000000 
3.233629 65.000000 
3.234627 170.000000 
3.235626 58.000000 
3.236625 103.000000 
3.237623 27.000000 
3.238622 73.000000 
3.239621 98.000000 
3.240619 57.000000 
3.241618 33.000000 
3.242617 52.000000 
3.243615 102.000000 
3.244614 42.000000 
3.245613 51.000000 
3.246611 252.000000 
3.247610 45.000000 
3.248608 66.000000 
3.249607 59.000000 
3.250606 5.000000 
3.251604 72.000000 
3.252603 112.000000 
3.253602 127.000000 
3.254600 132.000000 
3.255599 96.000000 
3.256598 106.000000 
3.257596 180.000000 
3.258595 114.000000 
3.259594 104.000000 
3.260592 76.000000 
3.261591 241.000000 
3.262590 31.000000 
3.263588 89.000000 
3.264587 52.000000 
3.265586 99.000000 
3.266584 50.000000 
3.267583 91.000000 
3.268581 64.000000 
3.269580 99.000000 
3.270579 101.000000 
3.271577 73.000000 
3.272576 150.000000 
3.273575 162.000000 
3.274573 88.000000 
3.275572 108.000000 
3.276571 84.000000 
3.277569 240.000000 
3.278568 80.000000 
3.279567 57.000000 
3.280565 107.000000 
3.281564 137.000000 
3.282563 65.000000 
3.283561 55.000000 
3.284560 117.000000 
3.285559 126.000000 
3.286557 124.000000 
3.287556 99.000000 
3.288554 84.000000 
3.289553 82.000000 
3.290552 238.000000 
3.291550 171.000000 
3.292549 134.000000 
3.293548 192.000000 
3.294546 128.000000 
3.295545 46.000000 
3.296544 16.000000 
3.297542 80.000000 
3.298541 98.000000 
3.299540 57.000000 
3.300538 139.000000 
3.301537 0.000000 
3.302536 29.000000 
3.303534 238.000000 
3.304533 79.000000 
3.305531 96.000000 
3.306530 97.000000 
3.307529 74.000000 
3.308527 9.000000 
3.309526 116.000000 
3.310525 60.000000 
3.311523 6.000000 
3.312522 17.000000 
3.313521 190.000000 
3.314519 144.000000 
3.315518 7.000000 
3.316517 124.000000 
3.317515 142.000000 
3.318514 82.000000 
3.319513 140.000000 
3.320511 140.000000 
3.321510 80.000000 
3.322509 84.000000 
3.323507 71.000000 
3.324506 83.000000 
3.325505 129.000000 
3.326503 182.000000 
3.327502 68.000000 
3.328500 119.000000 
3.329499 96.000000 
3.330498 68.000000 
3.331496 68.000000 
3.332495 159.000000 
3.333494 63.000000 
3.334492 253.000000 
3.335491 102.000000 
3.336490 70.000000 
3.337488 149.000000 
3.338487 159.000000 
3.339486 102.000000 
3.340484 138.000000 
3.341483 101.000000 
3.342482 103.000000 
3.343480 157.000000 
3.344479 140.000000 
3.345477 95.000000 
3.346476 122.000000 
3.347475 45.000000 
3.348473 30.000000 
3.349472 164.000000 
3.350471 97.000000 
3.351469 148.000000 
3.352468 116.000000 
3.353467 180.000000 
3.354465 51.000000 
3.355464 91.000000 
3.356463 117.000000 
3.357461 58.000000 
3.358460 97.000000 
3.359459 5.000000 
3.360457 32.000000 
3.361456 42.000000 
3.362455 67.000000 
3.363453 15.000000 
3.364452 123.000000 
3.365451 139.000000 
3.366449 15.000000 
3.367448 182.000000 
3.368446 28.000000 
3.369445 55.000000 
3.370444 39.000000 
3.371442 120.000000 
3.372441 115.000000 
3.373440 136.000000 
3.374438 172.000000 
3.375437 53.000000 
3.376436 104.000000 
3.377434 46.000000 
3.378433 115.000000 
3.379432 11.000000 
3.380430 160.000000 
3.381429 55.000000 
3.382428 131.000000 
3.383426 100.000000 
3.384425 127.000000 
3.385423 100.000000 
3.386422 64.000000 
3.387421 43.000000 
3.388419 81.000000 
3.389418 102.000000 
3.390417 64.000000 
3.391415 135.000000 
3.392414 194.000000 
3.393413 92.000000 
3.394411 103.000000 
3.395410 152.000000 
3.396409 216.000000 
3.397407 90.000000 
3.398406 127.000000 
3.399405 167.000000 
3.400403 71.000000 
3.401402 74.000000 
3.402401 62.000000 
3.403399 98.000000 
3.404398 52.000000 
3.405397 125.000000 
3.406395 87.000000 
3.407394 138.000000 
3.408392 202.000000 
3.409391 93.000000 
3.410390 124.000000 
3.411388 141.000000 
3.412387 114.000000 
3.413386 2.000000 
3.414384 53.000000 
3.415383 91.000000 
3.416382 38.000000 
3.417380 102.000000 
3.418379 89.000000 
3.419378 240.000000 
3.420376 105.000000 
3.421375 2.000000 
3.422374 115.000000 
3.423372 20.000000 
3.424371 28.000000 
3.425369 156.000000 
3.426368 67.000000 
3.427367 112.000000 
3.428365 120.000000 
3.429364 81.000000 
3.430363 188.000000 
3.431361 110.000000 
3.432360 221.000000 
3.433359 77.000000 
3.434357 35.000000 
3.435356 115.000000 
3.436355 129.000000 
3.437353 249.000000 
3.438352 114.000000 
3.439351 121.000000 
3.440349 54.000000 
3.441348 35.000000 
3.442347 104.000000 
3.443345 81.000000 
3.444344 46.000000 
3.445343 246.000000 
3.446341 90.000000 
3.447340 195.000000 
3.448338 167.000000 
3.449337 41.000000 
3.450336 114.000000 
3.451334 238.000000 
3.452333 50.000000 
3.453332 61.000000 
3.454330 47.000000 
3.455329 78.000000 
3.456328 187.000000 
3.457326 112.000000 
3.458325 137.000000 
3.459324 234.000000 
3.460322 140.000000 
3.461321 26.000000 
3.462320 49.000000 
3.463318 174.000000 
3.464317 131.000000 
3.465315 250.000000 
3.466314 42.000000 
3.467313 72.000000 
3.468311 62.000000 
3.469310 50.000000 
3.470309 101.000000 
3.471307 127.000000 
3.472306 52.000000 
3.473305 183.000000 
3.474303 58.000000 
3.475302 136.000000 
3.476301 45.000000 
3.477299 77.000000 
3.478298 81.000000 
3.479297 126.000000 
3.480295 243.000000 
3.481294 177.000000 
3.482293 58.000000 
3.483291 236.000000 
3.484290 129.000000 
3.485289 123.000000 
3.486287 146.000000 
3.487286 7.000000 
3.488284 28.000000 
3.489283 162.000000 
3.490282 89.000000 
3.491280 143.000000 
3.492279 78.000000 
3.493278 44.000000 
3.494276 23.000000 
3.495275 251.000000 
3.496274 50.000000 
3.497272 52.000000 
3.498271 108.000000 
3.499270 148.000000 
3.500268 78.000000 
3.501267 33.000000 
3.502266 52.000000 
3.503264 112.000000 
3.504263 76.000000 
3.505262 0.000000 
3.506260 160.000000 
3.507259 150.000000 
3.508257 117.000000 
3.509256 50.000000 
3.510255 175.000000 
3.511253 109.000000 
3.512252 75.000000 
3.513251 51.000000 
3.514249 201.000000 
3.515248 5.000000 
3.516247 40.000000 
3.517245 133.000000 
3.518244 107.000000 
3.519243 7.000000 
3.520241 19.000000 
3.521240 195.000000 
3.522239 84.000000 
3.523237 99.000000 
3.524236 112.000000 
3.525235 111.000000 
3.526233 89.000000 
3.527232 113.000000 
3.528230 75.000000 
3.529229 14.000000 
3.530228 40.000000 
3.531226 84.000000 
3.532225 26.000000 
3.533224 117.000000 
3.534222 33.000000 
3.535221 75.000000 
3.536220 142.000000 
3.537218 71.000000 
3.538217 123.000000 
3.539216 102.000000 
3.540214 61.000000 
3.541213 84.000000 
3.542212 141.000000 
3.543210 171.000000 
3.544209 79.000000 
3.545208 101.000000 
3.546206 33.000000 
3.547205 103.000000 
3.548203 26.000000 
3.549202 175.000000 
3.550201 121.000000 
3.551199 89.000000 
3.552198 68.000000 
3.553197 51.000000 
3.554195 73.000000 
3.555194 148.000000 
3.556193 105.000000 
3.557191 39.000000 
3.558190 251.000000 
3.559189 140.000000 
3.560187 166.000000 
3.561186 151.000000 
3.562185 66.000000 
3.563183 85.000000 
3.564182 75.000000 
3.565180 104.000000 
3.566179 119.000000 
3.567178 126.000000 
3.568176 62.000000 
3.569175 35.000000 
3.570174 24.000000 
3.571172 107.000000 
3.572171 113.000000 
3.573170 56.000000 
3.574168 143.000000 
3.575167 93.000000 
3.576166 139.000000 
3.577164 136.000000 
3.578163 117.000000 
3.579162 190.000000 
3.580160 92.000000 
3.581159 60.000000 
3.582158 78.000000 
3.583156 255.000000 
3.584155 143.000000 
3.585154 95.000000 
3.586152 121.000000 
3.587151 122.000000 
3.588149 123.000000 
3.589148 53.000000 
3.590147 133.000000 
3.591145 17.000000 
3.592144 142.000000 
3.593143 105.000000 
3.594141 90.000000 
3.595140 70.000000 
3.596139 15.000000 
3.597137 0.000000 
3.598136 133.000000 
3.599135 73.000000 
3.600133 148.000000 
3.601132 136.000000 
3.602131 1.000000 
3.603129 41.000000 
3.604128 96.000000 
3.605126 36.000000 
3.606125 126.000000 
3.607124 100.000000 
3.608122 137.000000 
3.609121 93.000000 
3.610120 95.000000 
3.611118 229.000000 
3.612117 164.000000 
3.613116 94.000000 
3.614114 47.000000 
3.615113 3.000000 
3.616112 146.000000 
3.617110 90.000000 
3.618109 44.000000 
3.619108 34.000000 
3.620106 93.000000 
3.621105 47.000000 
3.622104 73.000000 
3.623102 166.000000 
3.624101 56.000000 
3.625100 62.000000 
3.626098 99.000000 
3.627097 87.000000 
3.628095 68.000000 
3.629094 103.000000 
3.630093 156.000000 
3.631091 105.000000 
3.632090 146.000000 
3.633089 50.000000 
3.634087 23.000000 
3.635086 38.000000 
3.636085 37.000000 
3.637083 125.000000 
3.638082 60.000000 
3.639081 77.000000 
3.640079 57.000000 
3.641078 58.000000 
3.642077 45.000000 
3.643075 116.000000 
3.644074 126.000000 
3.645072 85.000000 
3.646071 70.000000 
3.647070 167.000000 
3.648068 94.000000 
3.649067 117.000000 
3.650066 7.000000 
3.651064 58.000000 
3.652063 131.000000 
3.653062 7.000000 
3.654060 123.000000 
3.655059 143.000000 
3.656058 89.000000 
3.657056 70.000000 
3.658055 36.000000 
3.659054 64.000000 
3.660052 137.000000 
3.661051 112.000000 
3.662050 147.000000 
3.663048 37.000000 
3.664047 143.000000 
3.665046 175.000000 
3.666044 52.000000 
3.667043 153.000000 
3.668041 57.000000 
3.669040 189.000000 
3.670039 90.000000 
3.671037 148.000000 
3.672036 50.000000 
3.673035 99.000000 
3.674033 0.000000 
3.675032 58.000000 
3.676031 18.000000 
3.677029 163.000000 
3.678028 55.000000 
3.679027 88.000000 
3.680025 137.000000 
3.681024 56.000000 
3.682023 121.000000 
3.683021 136.000000 
3.684020 46.000000 
3.685018 131.000000 
3.686017 72.000000 
3.687016 91.000000 
3.688014 26.000000 
3.689013 119.000000 
3.690012 52.000000 
3.691010 118.000000 
3.692009 32.000000 
3.693008 9.000000 
3.694006 91.000000 
3.695005 171.000000 
3.696004 36.000000 
3.697002 67.000000 
3.698001 90.000000 
3.699000 194.000000 
3.699998 104.000000 
3.700997 71.000000 
3.701996 58.000000 
3.702994 7.000000 
3.703993 146.000000 
3.704992 162.000000 
3.705990 69.000000 
3.706989 21.000000 
3.707987 72.000000 
3.708986 153.000000 
3.709985 203.000000 
3.710983 54.000000 
3.711982 126.000000 
3.712981 89.000000 
3.713979 102.000000 
3.714978 104.000000 
3.715977 125.000000 
3.716975 67.000000 
3.717974 69.000000 
3.718973 120.000000 
3.719971 39.000000 
3.720970 79.000000 
3.721969 74.000000 
3.722967 171.000000 
3.723966 163.000000 
3.724965 253.000000 
3.725963 89.000000 
3.726962 7.000000 
3.727960 132.000000 
3.728959 85.000000 
3.729958 74.000000 
3.730956 92.000000 
3.731955 134.000000 
3.732954 164.000000 
3.733952 39.000000 
3.734951 149.000000 
3.735950 101.000000 
3.736948 104.000000 
3.737947 227.000000 
3.738946 85.000000 
3.739944 46.000000 
3.740943 22.000000 
3.741942 91.000000 
3.742940 37.000000 
3.743939 73.000000 
3.744938 236.000000 
3.745936 67.000000 
3.746935 129.000000 
3.747933 109.000000 
3.748932 123.000000 
3.749931 102.000000 
3.750929 126.000000 
3.751928 20.000000 
3.752927 15.000000 
3.753925 165.000000 
3.754924 152.000000 
3.755923 59.000000 
3.756921 96.000000 
3.757920 97.000000 
3.758919 148.000000 
3.759917 171.000000 
3.760916 8.000000 
3.761915 100.000000 
3.762913 251.000000 
3.763912 62.000000 
3.764911 137.000000 
3.765909 77.000000 
3.766908 67.000000 
3.767906 90.000000 
3.768905 99.000000 
3.769904 56.000000 
3.770902 86.000000 
3.771901 129.000000 
3.772900 55.000000 
3.773898 72.000000 
3.774897 78.000000 
3.775896 102.000000 
3.776894 87.000000 
3.777893 126.000000 
3.778892 80.000000 
3.779890 112.000000 
3.780889 99.000000 
3.781888 239.000000 
3.782886 59.000000 
3.783885 46.000000 
3.784883 23.000000 
3.785882 81.000000 
3.786881 30.000000 
3.787879 128.000000 
3.788878 138.000000 
3.789877 26.000000 
3.790875 150.000000 
3.791874 61.000000 
3.792873 97.000000 
3.793871 96.000000 
3.794870 160.000000 
3.795869 106.000000 
3.796867 65.000000 
3.797866 103.000000 
3.798865 73.000000 
3.799863 157.000000 
3.800862 176.000000 
3.801861 38.000000 
3.802859 88.000000 
3.803858 22.000000 
3.804857 96.000000 
3.805855 73.000000 
3.806854 19.000000 
3.807852 89.000000 
3.808851 93.000000 
3.809850 85.000000 
3.810848 7.000000 
3.811847 202.000000 
3.812846 110.000000 
3.813844 98.000000 
3.814843 65.000000 
3.815842 2.000000 
3.816840 178.000000 
3.817839 106.000000 
3.818838 122.000000 
3.819836 227.000000 
3.820835 103.000000 
3.821834 169.000000 
3.822832 80.000000 
3.823831 104.000000 
3.824829 34.000000 
3.825828 152.000000 
3.826827 163.000000 
3.827825 90.000000 
3.828824 27.000000 
3.829823 128.000000 
3.830821 136.000000 
3.831820 219.000000 
3.832819 79.000000 
3.833817 135.000000 
3.834816 103.000000 
3.835815 119.000000 
3.836813 78.000000 
3.837812 90.000000 
3.838811 61.000000 
3.839809 91.000000 
3.840808 77.000000 
3.841807 53.000000 
3.842805 203.000000 
3.843804 28.000000 
3.844803 70.000000 
3.845801 96.000000 
3.846800 19.000000 
3.847798 116.000000 
3.848797 127.000000 
3.849796 167.000000 
3.850794 7.000000 
3.851793 90.000000 
3.852792 145.000000 
3.853790 167.000000 
3.854789 52.000000 
3.855788 149.000000 
3.856786 99.000000 
3.857785 120.000000 
3.858784 94.000000 
3.859782 181.000000 
3.860781 8.000000 
3.861780 152.000000 
3.862778 164.000000 
3.863777 86.000000 
3.864775 141.000000 
3.865774 133.000000 
3.866773 61.000000 
3.867771 75.000000 
3.868770 172.000000 
3.869769 133.000000 
3.870767 119.000000 
3.871766 89.000000 
3.872765 99.000000 
3.873763 91.000000 
3.874762 202.000000 
3.875761 106.000000 
3.876759 97.000000 
3.877758 105.000000 
3.878757 138.000000 
3.879755 173.000000 
3.880754 29.000000 
3.881753 76.000000 
3.882751 116.000000 
3.883750 51.000000 
3.884749 139.000000 
3.885747 217.000000 
3.886746 75.000000 
3.887744 96.000000 
3.888743 111.000000 
3.889742 24.000000 
3.890740 93.000000 
3.891739 94.000000 
3.892738 53.000000 
3.893736 78.000000 
3.894735 73.000000 
3.895734 76.000000 
3.896732 134.000000 
3.897731 82.000000 
3.898730 128.000000 
3.899728 40.000000 
3.900727 123.000000 
3.901726 38.000000 
3.902724 59.000000 
3.903723 96.000000 
3.904721 130.000000 
3.905720 117.000000 
3.906719 2.000000 
3.907717 175.000000 
3.908716 5.000000 
3.909715 93.000000 
3.910713 162.000000 
3.911712 71.000000 
3.912711 64.000000 
3.913709 24.000000 
3.914708 113.000000 
3.915707 66.000000 
3.916705 253.000000 
3.917704 34.000000 
3.918703 95.000000 
3.919701 66.000000 
3.920700 236.000000 
3.921699 86.000000 
3.922697 51.000000 
3.923696 36.000000 
3.924695 104.000000 
3.925693 85.000000 
3.926692 90.000000 
3.927690 19.000000 
3.928689 89.000000 
3.929688 73.000000 
3.930686 98.000000 
3.931685 46.000000 
3.932684 96.000000 
3.933682 136.000000 
3.934681 143.000000 
3.935680 126.000000 
3.936678 49.000000 
3.937677 101.000000 
3.938676 168.000000 
3.939674 154.000000 
3.940673 163.000000 
3.941672 83.000000 
3.942670 53.000000 
3.943669 117.000000 
3.944667 156.000000 
3.945666 164.000000 
3.946665 153.000000 
3.947663 14.000000 
3.948662 89.000000 
3.949661 106.000000 
3.950659 88.000000 
3.951658 58.000000 
3.952657 104.000000 
3.953655 176.000000 
3.954654 186.000000 
3.955653 55.000000 
3.956651 94.000000 
3.957650 54.000000 
3.958649 125.000000 
3.959647 92.000000 
3.960646 45.000000 
3.961645 95.000000 
3.962643 62.000000 
3.963642 27.000000 
3.964641 240.000000 
3.965639 73.000000 
3.966638 203.000000 
3.967636 87.000000 
3.968635 79.000000 
3.969634 80.000000 
3.970632 84.000000 
3.971631 133.000000 
3.972630 86.000000 
3.973628 70.000000 
3.974627 41.000000 
3.975626 80.000000 
3.976624 52.000000 
3.977623 44.000000 
3.978622 165.000000 
3.979620 145.000000 
3.980619 191.000000 
3.981618 91.000000 
3.982616 227.000000 
3.983615 124.000000 
3.984614 114.000000 
3.985612 51.000000 
3.986611 30.000000 
3.987609 104.000000 
3.988608 67.000000 
3.989607 150.000000 
3.990605 82.000000 
3.991604 38.000000 
3.992603 146.000000 
3.993601 53.000000 
3.994600 100.000000 
3.995599 23.000000 
3.996597 53.000000 
3.997596 72.000000 
3.998595 104.000000 
3.999593 49.000000 
4.000592 44.000000 
4.001591 51.000000 
4.002589 150.000000 
4.003588 84.000000 
4.004587 137.000000 
4.005585 15.000000 
4.006584 157.000000 
4.007582 88.000000 
4.008581 126.000000 
4.009580 63.000000 
4.010578 52.000000 
4.011577 33.000000 
4.012576 113.000000 
4.013574 141.000000 
4.014573 120.000000 
4.015572 144.000000 
4.016570 126.000000 
4.017569 70.000000 
4.018568 163.000000 
4.019566 171.000000 
4.020565 30.000000 
4.021564 119.000000 
4.022562 148.000000 
4.023561 155.000000 
4.024559 163.000000 
4.025558 90.000000 
4.026557 233.000000 
4.027555 131.000000 
4.028554 19.000000 
4.029553 65.000000 
4.030551 120.000000 
4.031550 139.000000 
4.032549 90.000000 
4.033547 41.000000 
4.034546 117.000000 
4.035545 34.000000 
4.036543 97.000000 
4.037542 114.000000 
4.038541 171.000000 
4.039539 106.000000 
4.040538 174.000000 
4.041537 125.000000 
4.042535 193.000000 
4.043534 102.000000 
4.044532 34.000000 
4.045531 42.000000 
4.046530 60.000000 
4.047528 137.000000 
4.048527 81.000000 
4.049526 9.000000 
4.050524 6.000000 
4.051523 120.000000 
4.052522 110.000000 
4.053520 89.000000 
4.054519 178.000000 
4.055518 206.000000 
4.056516 61.000000 
4.057515 82.000000 
4.058514 116.000000 
4.059512 128.000000 
4.060511 50.000000 
4.061510 63.000000 
4.062508 84.000000 
4.063507 146.000000 
4.064506 0.000000 
4.065504 138.000000 
4.066503 138.000000 
4.067501 128.000000 
4.068500 36.000000 
4.069499 130.000000 
4.070497 76.000000 
4.071496 103.000000 
4.072495 127.000000 
4.073493 94.000000 
4.074492 124.000000 
4.075491 83.000000 
4.076489 143.000000 
4.077488 102.000000 
4.078487 106.000000 
4.079485 68.000000 
4.080484 125.000000 
4.081483 124.000000 
4.082481 233.000000 
4.083480 86.000000 
4.084479 86.000000 
4.085477 31.000000 
4.086476 50.000000 
4.087474 4.000000 
4.088473 158.000000 
4.089472 144.000000 
4.090470 135.000000 
4.091469 99.000000 
4.092468 127.000000 
4.093466 120.000000 
4.094465 93.000000 
4.095464 47.000000 
4.096462 44.000000 
4.097461 169.000000 
4.098460 77.000000 
4.099458 43.000000 
4.100457 57.000000 
4.101456 97.000000 
4.102454 101.000000 
4.103453 6.000000 
4.104451 112.000000 
4.105450 154.000000 
4.106449 123.000000 
4.107447 85.000000 
4.108446 37.000000 
4.109445 26.000000 
4.110443 28.000000 
4.111442 37.000000 
4.112441 114.000000 
4.113439 81.000000 
4.114438 52.000000 
4.115437 129.000000 
4.116435 138.000000 
4.117434 140.000000 
4.118433 179.000000 
4.119431 121.000000 
4.120430 146.000000 
4.121429 242.000000 
4.122427 92.000000 
4.123426 58.000000 
4.124424 44.000000 
4.125423 180.000000 
4.126422 127.000000 
4.127420 19.000000 
4.128419 84.000000 
4.129418 254.000000 
4.130416 151.000000 
4.131415 120.000000 
4.132414 71.000000 
4.133412 31.000000 
4.134411 56.000000 
4.135410 124.000000 
4.136408 116.000000 
4.137407 145.000000 
4.138406 67.000000 
4.139404 109.000000 
4.140403 122.000000 
4.141402 73.000000 
4.142400 39.000000 
4.143399 20.000000 
4.144398 55.000000 
4.145396 43.000000 
4.146395 189.000000 
4.147393 67.000000 
4.148392 1.000000 
4.149391 137.000000 
4.150389 207.000000 
4.151388 128.000000 
4.152387 140.000000 
4.153385 153.000000 
4.154384 44.000000 
4.155383 89.000000 
4.156381 85.000000 
4.157380 89.000000 
4.158379 102.000000 
4.159377 55.000000 
4.160376 99.000000 
4.161375 77.000000 
4.162373 251.000000 
4.163372 102.000000 
4.164371 21.000000 
4.165369 14.000000 
4.166368 168.000000 
4.167366 123.000000 
4.168365 36.000000 
4.169364 114.000000 
4.170362 226.000000 
4.171361 56.000000 
4.172360 63.000000 
4.173358 86.000000 
4.174357 119.000000 
4.175356 68.000000 
4.176354 65.000000 
4.177353 55.000000 
4.178352 99.000000 
4.179350 79.000000 
4.180349 141.000000 
4.181348 49.000000 
4.182346 169.000000 
4.183345 31.000000 
4.184343 241.000000 
4.185342 79.000000 
4.186341 88.000000 
4.187339 108.000000 
4.188338 44.000000 
4.189337 169.000000 
4.190335 45.000000 
4.191334 95.000000 
4.192333 110.000000 
4.193331 149.000000 
4.194330 66.000000 
4.195329 83.000000 
4.196327 22.000000 
4.197326 121.000000 
4.198325 245.000000 
4.199323 92.000000 
4.200322 231.000000 
4.201321 129.000000 
4.202319 11.000000 
4.203318 131.000000 
4.204317 96.000000 
4.205315 62.000000 
4.206314 234.000000 
4.207312 7.000000 
4.208311 173.000000 
4.209310 104.000000 
4.210308 161.000000 
4.211307 30.000000 
4.212306 68.000000 
4.213304 132.000000 
4.214303 85.000000 
4.215302 28.000000 
4.216300 183.000000 
4.217299 89.000000 
4.218298 89.000000 
