0.000000 32.000000 
0.031957 32.000000 
0.063914 32.000000 
0.095870 32.000000 
0.127827 32.000000 
0.159784 32.000000 
0.191741 32.000000 
0.223698 32.000000 
0.255654 32.000000 
0.287611 32.000000 
0.319568 32.000000 
0.351525 32.000000 
0.383482 32.000000 
0.415438 32.000000 
0.447395 32.000000 
0.479352 32.000000 
0.511309 32.000000 
0.543266 32.000000 
0.575222 32.000000 
0.607179 32.000000 
0.639136 32.000000 
0.671093 32.000000 
0.703050 32.000000 
0.735006 32.000000 
0.766963 32.000000 
0.798920 32.000000 
0.830877 32.000000 
0.862834 32.000000 
0.894790 32.000000 
0.926747 32.000000 
0.958704 32.000000 
0.990661 32.000000 
1.022618 32.000000 
1.054574 32.000000 
1.086531 32.000000 
1.118488 32.000000 
1.150445 32.000000 
1.182402 32.000000 
1.214358 32.000000 
1.246315 32.000000 
1.278272 32.000000 
1.310229 32.000000 
1.342186 32.000000 
1.374142 32.000000 
1.406099 32.000000 
1.438056 32.000000 
1.470013 32.000000 
1.501970 32.000000 
1.533926 32.000000 
1.565883 32.000000 
1.597840 32.000000 
1.629797 32.000000 
1.661754 32.000000 
1.693710 32.000000 
1.725667 32.000000 
1.757624 32.000000 
1.789581 32.000000 
1.821538 32.000000 
1.853494 32.000000 
1.885451 32.000000 
1.917408 32.000000 
1.949365 32.000000 
1.981322 32.000000 
2.013278 32.000000 
2.045235 32.000000 
2.077192 32.000000 
2.109149 32.000000 
2.141106 32.000000 
2.173062 32.000000 
2.205019 32.000000 
2.236976 32.000000 
2.268933 32.000000 
2.300890 32.000000 
2.332846 32.000000 
2.364803 32.000000 
2.396760 32.000000 
2.428717 32.000000 
2.460674 32.000000 
2.492630 32.000000 
2.524587 32.000000 
2.556544 32.000000 
2.588501 32.000000 
2.620458 32.000000 
2.652414 32.000000 
2.684371 32.000000 
2.716328 32.000000 
2.748285 32.000000 
2.780242 32.000000 
2.812198 32.000000 
2.844155 32.000000 
2.876112 32.000000 
2.908069 32.000000 
2.940026 32.000000 
2.971982 32.000000 
3.003939 32.000000 
3.035896 32.000000 
3.067853 32.000000 
3.099810 32.000000 
3.131766 32.000000 
3.163723 32.000000 
3.195680 32.000000 
3.227637 32.000000 
3.259594 32.000000 
3.291550 32.000000 
3.323507 32.000000 
3.355464 32.000000 
3.387421 32.000000 
3.419378 32.000000 
3.451334 32.000000 
3.483291 32.000000 
3.515248 32.000000 
3.547205 32.000000 
3.579162 32.000000 
3.611118 32.000000 
3.643075 32.000000 
3.675032 32.000000 
3.706989 32.000000 
3.738946 32.000000 
3.770902 32.000000 
3.802859 32.000000 
3.834816 32.000000 
3.866773 32.000000 
3.898730 32.000000 
3.930686 32.000000 
3.962643 32.000000 
3.994600 32.000000 
4.026557 32.000000 
4.058514 32.000000 
4.090470 32.000000 
4.122427 32.000000 
4.154384 32.000000 
4.186341 32.000000 
4.218298 32.000000 
